1
131076
9
13
14
18
163859
131096
36
38
163882
50
72
87
88
95
98
105
108
158399
124
127
130
159
160
185
400451
205
210
222
226
27286
244
247
248
250
164091
278
279
280
283
164127
292
293
131375
311
164153
314
316
318
327
131408
357
373
381
400
402
407
412
197021
414
415
416
419
338674
438
65975
65980
65982
65983
120224
65986
65987
65988
65989
65990
65997
65999
131540
66005
471
66008
483
66036
100532726
509
513
516
518
521
522
523
529
533
539
549
550
164395
566
577
593
594
54716
622
644
648
197257
661
669
694
197320
713
197322
722
725
730
731
733
734
740
741
197350
744
745
164592
754
755
645974
757
759
197370
770
790
492311
164633
797
131873
808
810
813
131890
828
829
830
832
833
834
54753
843
131920
873
874
875
881
883
901
902
904
908
909
910
911
338755
80774
923
932
946
963
965
978
988
990
164832
996
1005
1007
1008
1009
1010
1014
1016
1018
54785
1038
1040
1048
1063
1068
1070
1071
1084
132158
1087
1088
338785
1102
1104
1107
1112
1122
132204
1144
1155
1174
1175
1178
1183
1187
55687
1193
1196
1198
1209
1211
1212
1213
132299
132320
132321
1259
165100
5672
1266
154075
1299
165140
1307
1314
1315
1318
1340
1345
1347
1351
1352
1353
132430
1362
1368
1370
165215
1378
1384
1389
1396
1413
1414
1429
93081
1438
1443
1444
1455
114932
1468
1469
1470
1472
1475
1477
1479
165324
1503
1506
1514
1527
1528
1537
1539
1553
1555
1557
1558
1562
1565
1573
1576
284252
1584
132660
132671
64430
1609
79706
1615
1635
132720
1652
1656
1657
1659
1665
1668
164118
1670
1671
1673
1678
284273
165545
1716
132789
1731
1737
1743
1748
1757
1762
100271846
1769
1770
132851
1780
1783
165631
1807
1810
1821
1824
23362
1841
1842
1847
125919
165721
132954
1891
1892
54930
284307
1915
54933
1933
1936
1937
133015
1945
1953
1964
1967
1968
1973
1974
1975
1983
1984
1993
1998
2013
2026
2027
2028
2040
133121
2079
2086
55717
54962
2098
2107
2108
2109
2117
2134
54970
54973
166012
284352
2178
2180
2188
2197
2199
2203
2214
2219
2224
2232
2245
2257
2275
54994
2286
54995
2298
54998
133383
2312
2326
2327
2328
2329
493861
493869
2352
284382
493911
55014
284391
131474
339010
11336
2491
55030
166348
2525
2527
60496
2531
2537
133619
2564
2565
2567
2582
2590
494115
199221
2615
133688
133690
2620
494143
2631
2633
2643
2644
2653
133746
2686
2689
2694
2712
2738
2746
2747
2765
2766
116843
166614
2783
2786
2790
2791
2793
2797
2799
2801
2803
2804
2805
2806
166655
2832
2848
133923
2862
2877
2919
2920
2921
2922
2926
374355
2935
2938
2939
2941
2944
166785
2946
2947
494470
166793
2958
2960
2962
2963
2965
2966
2967
2971
166815
2976
2977
166824
2987
494514
2995
2996
3002
3003
3009
134083
3013
3017
3018
166863
3028
3029
494551
134111
3042
3043
3045
3046
3047
3048
3049
3054
246269
3069
134147
3078
199692
3096
3101
3104
3106
3107
3115
199731
166968
3131
3134
199745
3141
3151
153443
3157
3158
199777
131601
3176
3177
3178
3181
3185
3188
3189
3190
284521
134265
134266
284525
3222
199834
3227
3241
199857
3250
284532
199870
3266
3268
3283
3284
167127
3293
3300
3310
55165
3312
3321
3336
3338
3344
199953
3346
3347
3354
55174
199974
3376
3385
3396
134492
3421
3422
3429
3430
3431
3434
3437
3439
3440
3442
3443
3444
3445
3446
3447
3448
3449
3451
3452
134526
3467
3476
134549
134553
3488
3489
55197
167359
200132
202658
3543
3550
149603
134637
200185
126208
3589
200205
55213
3607
3617
3646
134728
3671
101060200
3697
3698
3699
3703
200312
200316
3726
3730
200350
3743
3746
3749
3750
3752
3753
3754
3755
134829
3761
200373
3768
3770
3787
3790
3795
23040
3801
3802
3804
55249
3816
3817
3820
3822
3823
3824
120787
3834
3838
3840
3841
3842
3843
3846
3850
3853
3854
3860
55257
3866
3882
3885
3886
3887
3888
3889
3890
3891
3892
3898
219447
3933
3938
3960
3965
167838
4007
4033
4034
4037
135112
135114
100505591
4051
6137
4058
4062
135138
4070
4071
6141
135152
4100
4101
4102
4103
4105
4107
4109
4110
4111
4112
4113
4114
4115
200728
4121
126299
4139
4141
284680
4150
4153
200765
135250
692312
4200
4201
200810
4207
4212
135293
135295
4234
4236
200845
4238
4241
4250
4253
4257
4267
714
200895
4291
4295
200909
200916
4332
200942
4343
200958
200959
55339
4356
284716
135458
55347
197342
4430
266629
4489
4493
4494
4495
4499
4501
4502
752
729025
201134
4528
266675
201140
168374
201158
201161
168400
201176
168417
266722
4580
4585
4588
4589
4597
4598
266747
4604
4606
4608
168451
4620
4621
4626
4634
4636
4637
4642
201254
201255
201266
4660
266812
4670
4673
4674
4675
4676
4677
4680
170082
4686
388536
4691
4694
4695
4697
4700
4701
4704
4705
4706
4707
4708
4709
4710
4711
4712
4713
4715
4716
4717
4718
4720
4723
4725
4728
4731
4733
4735
4736
4738
4751
4752
4759
541468
4796
4798
4799
4801
4809
4818
4820
4828
4832
4837
4848
55809
135927
267004
4861
201475
267012
135941
135946
135948
201514
201516
4917
4924
4927
4931
4939
4940
4943
4946
4947
201562
4978
136051
201595
4991
4992
4993
4994
4995
4999
5000
5001
5002
5004
5005
5007
168850
5016
5018
594857
5042
5047
5064
5067
116844
5073
6307
5082
5093
5097
5098
5099
5101
5106
5108
201725
5119
5128
5129
5136
5143
5149
5157
5161
5162
5165
5188
5190
5193
5196
5203
169044
5207
5211
5214
5222
5223
5224
5225
5230
5236
136319
5252
5256
5257
5260
5266
5267
5271
5273
5275
171483
5279
5287
5298
171484
5317
5320
201931
5349
5352
201965
5378
5407
5412
5427
169270
5431
5432
5433
5434
5435
5436
5438
5439
5440
5441
5442
202051
202052
5462
5463
5464
5471
153830
5480
5481
317671
100996464
5499
5504
5509
5510
5520
5522
5525
5526
5529
5539
5542
202151
5546
5557
5568
136647
5586
169436
5612
5613
5635
5650
5662
100996642
5670
100996648
5673
5678
5680
5682
5683
5684
5685
5686
5687
5688
5689
5690
5691
5692
5694
5695
5701
5705
5706
5708
5709
5711
5714
5715
5716
5717
5718
5719
431704
388633
5746
55571
202374
5768
100996750
5794
5796
100996779
5814
5817
154043
5822
136895
5824
5834
55586
55588
169693
55589
5859
5861
5862
5863
5866
5867
5869
5870
5871
5872
5876
5877
5891
202500
5893
219436
5903
5909
5910
5911
23171
5918
5920
55600
5922
5928
5929
55602
5939
5940
22837
5954
5955
100996939
5967
55608
22841
5983
5984
5985
5988
5994
22845
169841
137075
22847
6013
6014
284992
317762
6036
6038
6039
6049
6050
6051
55622
94039
6100
55631
6118
6119
6122
6123
6124
6125
169966
6128
6129
6130
6132
6133
6134
6135
6136
137209
6139
169981
6142
6143
6144
6147
6150
6154
6155
6156
6158
6161
6164
6165
6166
6167
6168
6170
6173
6175
6176
6181
6182
6183
6184
55644
6187
6188
6189
6191
6192
6193
55646
6202
55647
6204
6205
6206
6207
6208
6209
6210
245711
6217
6218
56125
6227
6228
6229
6230
6231
6232
6233
6235
22885
6242
51491
6251
6252
399473
22889
6273
6278
6283
6284
6286
137362
6510
399512
100505753
6301
6302
202915
219527
22898
6320
6322
22900
6339
6341
6348
6349
6355
6357
6358
6359
6360
6362
6364
6366
6368
6373
6374
6375
22909
6386
6388
6396
6397
6398
6407
6418
137492
170261
6430
6431
91869
22919
203054
399664
399665
6450
203062
55689
203069
6462
6539
6472
6473
6476
399694
6487
22928
6500
6509
399726
22932
6527
6534
55703
170384
6545
6553
170394
6554
6566
6576
6585
203197
6602
6604
6617
6618
6619
22949
6626
6627
6628
22950
6631
6632
6633
6634
6636
6637
6641
170482
6650
203260
6672
6674
6675
6677
56128
100506144
399909
6694
6698
6700
6703
6704
6706
100506164
6717
6723
137797
6727
6728
6729
6730
6731
170572
6733
6734
6748
219578
170591
6753
55739
6759
137835
6767
6769
6779
170622
6787
55745
137868
6799
137872
55747
55748
6811
137886
6818
203427
55750
6822
22983
22984
6835
6836
6838
55753
727738
170685
170691
22989
6865
6867
22990
6871
170712
6873
6877
6880
6882
6883
6884
55761
6894
6897
6898
6902
6903
727800
6906
6907
203523
6919
6920
6921
137994
6923
727830
6936
138009
203547
6940
727837
6942
6947
6948
6950
6953
203562
203569
170463
138046
23008
6990
6993
6629
170850
7016
23016
7029
727940
203245
7062
7064
23023
55794
7088
7089
7095
7102
7103
7105
7106
285175
170959
170960
170961
7125
138199
56131
7134
7136
55803
285180
55805
7163
7164
7169
728071
7177
7179
7180
55810
285190
728116
285195
138311
728137
7257
7259
7260
7265
7268
7270
7272
7277
7278
7280
55827
7284
7288
23061
7298
7307
7311
7317
23065
7321
7324
7327
7336
171177
55837
7355
138428
138429
728255
7360
7363
7364
7365
7366
7367
7371
7372
728269
7384
7385
7388
728294
138474
7407
23080
7417
100506888
23086
7447
23087
7464
7469
7479
728378
728386
400713
400720
728403
728404
7512
728410
55867
7529
7533
7539
51534
7542
7544
7549
7551
171392
7553
7554
7556
7561
7562
7564
7565
7566
7567
7568
7570
7571
7574
7576
55876
7579
7580
7581
7582
171425
7586
7587
728489
7594
7596
7597
399947
7620
7621
6732
7626
7627
7629
7633
7634
7638
7639
7643
138716
55888
7673
7675
7678
7681
7690
7691
7692
7693
7694
7695
7697
7699
7700
7705
23130
7710
7711
7712
7718
7727
171568
7730
138803
138804
7733
7737
400954
7745
7746
100507203
7748
400966
121441
7752
7760
7761
7762
7764
728661
7766
7767
7768
7770
7771
7772
7773
23141
7776
7780
23142
23143
7789
728689
728695
7802
7803
401024
138881
138882
399979
7812
401036
55917
100507290
728747
7866
7867
7873
728780
389072
645121
55911
6782
7936
100506243
7975
7978
7979
7980
7988
7991
100310846
139081
728912
8019
8028
8030
728927
728929
8034
728932
8045
401265
8050
728957
55957
8065
55958
8079
51552
8089
8106
729020
8125
55968
55969
139212
55970
55971
8148
8153
55973
401387
8175
6819
8187
8193
729092
8208
401427
8214
8218
8220
8226
8227
8228
8233
401474
8260
23223
8270
8273
401494
8284
8287
8290
8293
8302
8303
139378
8310
23232
401541
8331
401548
8334
8335
8337
8338
8340
8341
8342
8345
8347
8348
139422
139425
729250
8369
8370
8383
8386
8387
8388
8390
8392
8402
8403
8407
8409
8411
8417
8427
8428
401647
8437
8445
401665
401666
401667
8453
8458
729355
8479
8483
8495
8496
8497
8498
8500
8501
8503
729408
8513
219873
138802
139596
139599
8529
139604
8537
8539
8541
8542
8545
8548
139628
8558
729458
8568
8572
8574
729475
8590
8601
8602
8605
729515
8620
8621
8623
8625
8630
8636
285429
8641
8649
8653
8654
139728
8661
139735
8664
8665
8666
8668
139741
8674
219899
8677
8681
8683
8687
139760
8689
8690
8697
8702
8703
8708
8715
205327
8721
8723
8725
8732
8733
8735
8736
139818
8748
729648
8771
8774
401992
401993
8778
8780
8785
8794
8795
8797
8798
8801
8802
8804
8814
8815
8816
8819
205428
8833
8834
8836
8839
83394
729747
8853
148932
8881
100049587
8886
8890
8895
8896
8899
402117
23329
8904
8906
8908
402135
56100
8926
8933
8934
8939
205564
56106
140032
729857
56107
8969
8974
8975
729873
729877
8986
8987
8992
23344
9013
9014
9015
9016
23348
9022
9027
219958
9032
23354
9054
9057
56123
9061
9069
9071
9073
9077
729974
9083
9085
9086
9087
9088
23360
9091
9092
729991
729993
9098
402317
9107
9108
730005
9111
9117
9121
9123
9128
9135
9136
9141
9144
9150
9154
730051
9158
9159
9162
9167
9168
9169
219982
219983
9183
9185
140258
9189
730087
9194
9196
56146
9200
9202
9203
9208
9209
23381
9218
9220
9221
9223
9228
9229
9230
9238
9240
9246
205860
9258
9263
9265
9266
9267
9274
9276
9277
9278
56160
9284
9287
9295
9296
23395
138883
9310
9317
9325
9326
9329
9330
9332
9333
9337
9338
9349
9351
9352
402569
9354
9358
140432
9362
9363
9364
9372
9373
9375
9377
140453
9382
140456
140458
140459
140460
140461
140462
9391
9392
140465
140467
9397
9404
9409
9410
9411
9413
9416
9422
9426
9436
9440
9441
9442
9443
9446
9454
402682
140545
9476
9477
9481
9488
140564
9493
730394
9502
9503
140576
9524
140597
9526
9527
9528
9529
9532
9533
9534
9535
81061
9540
9550
9551
140625
9556
9560
9576
9578
9583
9587
9592
9601
140683
9615
140688
9617
140691
9623
9626
9627
9630
9632
9633
140707
9637
140710
9639
9640
9645
9648
9652
9657
9658
140732
9662
140735
140738
140739
9668
9669
9670
9671
9673
9674
9675
9682
9683
9684
9685
9686
9688
9689
9694
9695
9702
9703
9704
9708
9711
9712
9715
9717
9718
149076
9726
9728
140801
206338
9731
9733
140807
9738
285613
9747
206358
140823
9752
9754
9762
140836
9765
140838
9771
56242
9775
9776
140850
9779
9781
9785
9789
9796
23478
9798
9801
9804
9805
9806
140880
9810
140883
9812
9813
140886
9816
140890
9819
9824
9825
9828
140901
9831
9832
9836
9847
9853
9854
9857
9859
9861
9868
9870
9873
9874
140947
9877
9878
9879
9880
9881
9883
9884
9885
9886
9887
9889
9905
9906
9907
9909
9911
9912
9914
9918
9919
9920
9922
285643
9925
9926
9929
9936
9941
9946
9947
9949
9950
9953
9955
9958
9967
9969
9972
9976
9982
9987
9989
7127
10001
10003
10004
10005
1669
64710
403239
10024
10026
403244
403253
10039
10040
10042
10043
10045
10047
10051
10054
10055
10056
403273
403274
10061
403278
403282
10067
403284
10069
10071
10072
10073
389434
10078
10081
10082
10090
285671
10092
10097
10101
10103
10110
10113
10120
10121
10123
403341
10127
10129
10130
10134
10136
10138
10143
10144
10147
10153
10157
10158
10160
10162
10166
10168
10169
10170
10171
10172
10178
10179
10180
337867
10188
10189
10190
10195
337876
10198
10199
10200
10206
10208
10209
10210
10212
10213
10214
10218
10224
10225
10226
10228
10234
10236
10238
10240
10241
10247
10248
10249
10250
10251
10256
10260
10263
337960
10282
337963
10284
10285
10286
10287
10288
10289
337972
10294
10299
10302
10307
10308
10313
10321
10324
10325
10326
10330
10342
10346
10349
10350
10362
10363
10376
10382
10383
10384
10385
10390
10391
10393
10398
10403
10404
10412
10420
10421
10422
10426
10428
10430
10432
10434
10435
10438
10440
10443
10444
10447
10449
10452
207063
10463
10465
10466
10467
10469
10473
10475
10476
10477
10478
10482
10485
10487
10488
10489
10492
10493
10494
10505
10513
10517
10520
10523
10526
10527
10528
10529
10534
10535
10536
10548
10552
10556
10557
10565
10566
160140
10573
10574
10575
10576
10578
10581
10590
10591
10598
10599
10602
10605
10606
10607
10608
10609
10613
10626
10627
10629
285761
10633
10635
116461
10640
10643
10644
127385
10650
10651
10652
10654
10659
10667
10671
10687
10691
10693
10694
10712
338398
389541
10720
10726
10730
10732
10735
10738
10739
10741
10742
10744
10745
338442
10771
10773
253017
10776
10780
10785
10791
10793
10794
10795
10798
10799
10810
10813
10816
10817
10826
10827
10841
10842
10844
10845
10847
10849
10857
10859
10863
10864
10867
404093
10878
10879
10880
10881
10882
10884
10886
10890
10897
10898
10900
10904
29124
10907
10914
10915
10916
338599
10921
10923
10924
10940
10943
10944
10946
10949
10952
10954
10957
10960
10961
10962
10965
10966
10969
10975
10982
10992
10993
10994
338675
11004
11007
11011
11012
11014
11015
11018
338699
338707
11030
11031
11033
11036
11043
11044
11045
11051
11052
11062
404281
11066
338751
11072
11075
11080
11082
100271927
11085
11091
11092
11097
11098
11099
11102
11103
11104
11105
11119
11123
11128
11129
11130
11135
11138
11140
11142
11145
11147
11152
11153
11154
11157
11159
11161
11162
11164
11165
11169
11170
56475
11176
11180
11182
11185
56478
11190
338872
11193
11194
83786
11198
11199
11201
11212
11222
11224
11226
11227
11236
11237
11238
11244
11250
11253
378708
11258
11262
11266
11269
11273
11275
11276
11278
11285
11311
11316
11321
11330
11333
404550
404552
11338
11339
11341
448834
79946
400581
56521
339175
339210
51076
339229
339230
339231
404785
83849
142679
339291
142684
142685
142686
142689
51090
339318
339327
339344
339398
339416
142827
342909
339451
149420
339479
339487
83889
339500
51124
142910
83895
142940
339559
728343
54921
503497
339665
143098
339761
143162
83937
51171
51174
339834
149483
143241
143244
339896
51193
339965
339976
339977
143379
143384
503834
503835
7514
143425
338662
728419
143458
340075
143471
143496
143502
143503
340156
143570
7552
143630
89891
340252
340267
51250
143662
340273
143684
504189
340351
340359
340385
378951
340485
143879
143884
84058
84060
340533
340562
116835
100381270
340578
116840
51307
51308
340654
7625
144097
340706
144100
144125
144132
340745
121551
138715
51334
7644
51337
144195
144233
51360
144348
51367
340980
144402
84144
84146
144453
144501
23361
78987
78990
78992
78994
149699
79000
79002
79003
79004
341152
79009
79016
79017
79018
51399
79020
79022
79023
79025
79027
79029
79031
144568
79033
79034
79038
79042
79050
79053
79056
79058
341208
79072
79074
79077
79078
79086
79087
79088
79089
79091
79092
79094
79095
79096
79097
79098
79101
79102
138799
79133
79137
79140
79149
79153
79154
79156
79159
144699
138805
79168
79169
79171
79173
79175
79177
79178
144717
79183
56103
79228
79230
400961
171586
341392
341405
341416
341418
84210
24138
79295
79310
79317
79324
84220
79339
79345
79363
79364
79368
79369
79370
79400
79411
79414
7775
341568
79442
79443
79444
79446
79447
79465
374383
79473
84243
374393
374407
84247
79501
56943
84253
79541
374454
79544
56951
79571
79573
440023
79576
440026
79585
100316904
79594
79596
84265
79608
79611
79612
79616
84267
440068
79622
79624
79629
79632
112401
79635
145173
79642
440093
79646
84272
79650
341799
79656
374569
84274
79663
79664
79666
51507
79669
79673
79675
79676
79680
79683
79685
440138
79691
79692
79693
79694
79695
79696
440145
79698
79699
440153
374618
79707
79709
79710
79711
112483
79717
79718
79719
79720
79722
79724
112495
79731
79734
79735
79736
374655
79744
79745
79746
79747
79748
79752
79754
79755
79758
79759
79760
79763
79768
79772
79776
79777
79778
79781
79785
79786
79788
79789
79794
79796
79798
79799
341947
112574
79812
79814
79816
79817
79818
79820
51533
79827
79828
79829
79830
79832
79833
79834
79837
79839
79841
79842
79843
79844
79845
79847
79848
79850
145389
79862
79863
79866
79869
79871
79872
79873
79874
7851
79877
79883
79884
79886
79891
79892
79894
79895
79896
79899
79906
374819
79913
79917
79921
79924
79931
79934
79935
79937
79939
79943
145482
145483
374860
79953
79954
374868
79962
79966
374879
79968
374882
79973
374887
84327
79980
79981
79982
112752
374897
374899
342132
79991
79993
374907
51562
80006
80011
374928
80017
80018
80019
80020
80028
80031
80032
374955
112812
145581
374969
407738
80063
80067
112840
7884
768211
112858
80095
80097
80108
80110
768239
80117
80122
375035
80124
440574
80128
80129
80131
80135
80139
440590
80143
80145
80148
80150
80152
80153
80155
80157
80162
112936
112937
80174
80176
80177
80178
80179
57054
112950
80185
80194
80196
80201
112970
80209
80210
342357
80216
80218
80219
80222
80223
80228
80230
113000
80233
80237
440689
440695
440699
80254
80255
80256
113026
80262
80263
80264
80267
80273
375189
440730
440738
80301
80303
80304
80305
80308
80309
80310
80311
80317
80318
80319
80323
80325
80328
80329
80333
80335
80339
80343
80345
80346
113115
80349
408050
440822
375287
342527
440854
145946
641455
375341
113220
375387
51642
113251
113263
146050
51649
342667
89887
375484
57122
286499
375519
441056
441061
51667
113402
57132
113419
375567
146198
146212
113452
146225
375607
80700
441150
80705
342850
80714
84450
80723
80726
80727
80728
146279
80745
80746
342892
342897
80755
80761
286527
80764
51690
113540
146310
80777
80778
342926
84461
342931
80789
342945
80816
80817
80818
51699
80820
57161
441273
80829
80830
80831
80832
375748
56157
375757
80851
146395
441308
51710
113655
146434
79019
146439
113675
89944
343066
441381
474170
113730
139105
441425
113746
441430
57189
146540
146542
113791
81025
343171
343172
343173
81030
81033
81034
81037
81050
113828
113829
113835
441518
441521
441531
81099
2595
113878
81127
259282
474354
139135
84522
441608
29911
474382
81168
146712
84527
51760
441639
146754
441669
441670
146779
128229
114026
343406
81282
89795
81300
29935
146845
146849
81318
81327
81328
81341
114112
114132
114134
146909
343521
81392
81399
343563
441869
81442
81448
441911
81466
81469
81470
147007
81472
147011
147015
441933
81491
343637
81494
147040
114294
81533
81539
81542
81543
81545
81551
81556
81558
81559
81563
81566
114335
81569
81570
81572
81573
81576
81577
81578
81579
147138
81603
81605
81607
81615
81619
81628
81629
147179
390442
81671
390445
81688
81691
219855
81697
81786
81789
150165
81794
442247
147339
81831
147381
81847
81853
81855
81856
442319
81875
81887
81888
81889
114659
442361
147463
81928
81931
81932
147495
245806
442425
114769
344148
114787
114790
114791
114792
114793
376940
114800
114821
245934
286749
114876
114879
114881
114884
114885
147657
147658
147660
114897
245973
114904
114905
219870
147686
147687
147694
114928
147699
147700
147719
147741
606495
147746
114984
114987
114991
246100
147807
147808
147837
147841
57409
246175
246176
115106
115123
147923
285346
147945
147948
147949
344558
344561
115196
147965
147968
148003
115265
115273
344657
115290
115294
148066
148103
115361
100287144
148137
344752
49854
49855
49856
49860
49861
115399
100287178
57463
344787
57465
115416
100188893
100287205
148198
148206
148213
148223
100287238
148252
148254
148266
148268
148281
344901
377677
401551
115548
100287327
115560
115572
115584
100287364
148362
100287404
100287441
84814
246744
100287478
115704
115708
254122
115752
115761
148534
574537
115817
115825
115827
729288
345274
345275
163131
115939
100287718
90321
115950
148741
115992
254173
50488
123103
116028
148808
148811
90338
50512
50514
116064
345456
345462
116092
116115
116135
116138
50604
116143
50613
116154
100287932
50626
50628
116179
83416
83443
83444
83445
83446
83448
83450
83452
116224
116225
83460
144983
116236
83473
83479
83480
83482
50717
116255
2994
345651
116285
149069
83540
83541
83544
83547
83549
83551
149095
116328
445372
50801
50807
50808
50810
50813
83592
83594
83596
83597
50831
50832
50833
50834
83606
83607
50854
50861
50863
50865
345778
83638
83640
83642
116412
83648
221472
83650
83659
83661
83666
116442
287015
83693
83695
83698
50939
83714
254251
83723
83732
83733
83734
83740
83743
83744
57648
83752
83755
83758
50999
51000
51002
116540
116541
51006
51008
51011
51012
51013
51014
51015
51016
51018
51019
100288332
51021
51023
51024
51026
83795
51028
51030
51031
51035
57658
51042
51056
51058
51061
51067
51068
51069
51070
51071
51073
51075
83844
51077
51078
51081
51082
83851
51084
51086
83855
51088
83857
83858
51091
83860
83861
346007
51096
51101
51102
51103
83872
51105
51108
83879
51112
51115
51116
51118
83887
51121
51122
51123
149428
51126
51127
83897
83899
51134
83903
51136
51141
51142
51154
51155
51157
51160
83930
51164
149473
83939
83940
83941
83942
51175
51179
51181
51182
51184
51187
51188
51191
51192
116729
51200
51202
51204
51209
51218
83987
83989
51222
51224
51225
51226
51228
83998
51231
51233
51237
51239
123228
346157
542767
51248
100288562
51253
51255
51256
51257
51259
280636
51263
51264
51265
51270
51271
51272
85004
51276
51278
51282
51283
51285
51287
280664
51290
51291
51292
116832
84065
84067
84069
51302
51304
84073
84074
84075
84076
84078
84080
51314
51315
84084
84085
51319
51324
51326
51329
51332
51333
84102
84105
84108
199704
51347
51348
51351
84125
84128
84129
51362
84131
51364
51365
84134
84135
51368
84138
51371
51373
84142
346288
51378
51385
84154
51390
57717
116931
84167
84171
149708
51406
51409
51411
84186
51421
51422
51427
51429
51433
51434
51435
51438
51439
51441
51442
51444
84215
84218
84219
116988
84221
84226
51460
84229
84230
84231
84233
84236
84240
51475
84245
84246
51479
84249
100288797
84255
84256
84258
84259
51493
84262
84263
84264
51497
51499
84270
51504
51506
84275
84280
84281
84282
641339
84284
84285
84288
84289
84290
90507
84294
51529
84298
84299
84300
84301
84302
84303
84304
84305
51538
84307
84309
84310
84311
84312
51545
84315
84316
84317
84319
84320
84321
51557
51559
84330
84333
84334
84336
51569
84340
84342
51575
51585
51594
84364
84365
51601
51602
51603
51605
51606
117143
51608
51611
346525
51614
51617
51619
117156
51622
117159
51629
51631
51634
51635
51639
117178
51643
51645
51646
51647
84417
51659
51660
51661
84432
84435
84436
84437
84440
84441
51676
51678
84448
84449
149986
84451
84455
84457
84458
51691
84460
51693
346606
51696
84467
51700
51702
51705
51706
117245
117246
117248
51714
51719
9360
51725
51726
51727
51728
51729
84498
84503
84513
84514
51747
84517
117286
84520
117289
51754
51755
84524
51759
84528
51765
51768
84539
84541
51776
84545
150082
84547
51780
84549
84552
84553
84557
440077
84569
51802
51805
51806
51807
51808
51809
51816
219952
84612
84614
84617
84618
84622
150159
150160
84627
84629
84630
84641
84643
84645
84651
84654
79645
84658
84665
84669
84671
150209
84674
84679
84680
440097
84684
84688
84691
84692
84693
84696
84698
84705
84706
84709
84720
84722
79657
84735
150274
150275
84747
84749
150290
84765
84766
84767
84769
254427
84775
84779
8669
84790
84795
84811
57826
150350
84816
84817
150356
445582
84826
84830
150368
84836
84839
117608
84842
150379
150383
84851
84858
84859
84861
84869
84872
84873
84874
445328
84881
84885
84889
84890
84893
84898
84900
84902
84904
84905
347051
84910
84911
84914
84915
84916
84920
84922
84924
84928
29015
84932
84934
84936
84937
84939
84942
84946
84948
84950
84951
84952
84953
84954
84955
84957
84959
84960
84966
84967
84968
84969
84970
84971
84975
84985
84987
84988
84991
84992
84993
85002
347148
85013
85014
85015
85016
85021
347168
347169
85027
117854
100289635
347240
112487
100289678
150678
150681
219970
139804
347344
150737
642273
85235
85236
440193
134359
85291
347442
7205
85313
85320
347468
85359
85364
445815
85369
347516
347517
85376
85378
347527
150921
642446
85395
85397
150946
85414
85417
150962
150771
401994
85443
85446
85451
85453
85456
85457
85460
85462
85464
85465
85474
85477
219981
85481
85508
151056
347688
642612
151112
91133
347731
347734
151188
118424
151194
118427
118430
118460
151230
118472
151254
118487
642778
347902
642843
151354
112616
348093
348094
348110
151531
282616
282617
282618
348174
348180
118812
151613
151636
53339
53340
53342
151647
151649
53346
151651
53349
53358
53371
282763
348303
282770
118932
282775
348327
643246
282808
282809
101059957
118980
118987
116349
161835
151871
643394
348487
643414
282974
151903
414059
80347
347541
53635
119180
440387
112714
414149
152007
414157
283093
283106
283111
283116
414189
348654
283130
283149
283150
283152
283159
283160
283162
152100
643641
53822
53827
283208
283209
283212
53840
53841
53842
86614
414301
119392
283237
85437
283248
283254
348793
152206
53905
53916
653427
53940
53944
374900
283337
119504
283349
53981
283365
283373
283377
283385
643834
119548
54020
643847
54033
54039
283431
54058
54065
643904
348995
283461
283464
54102
54103
54107
54108
283514
119678
119679
119682
54148
54149
119687
119692
119694
119695
349075
54165
283551
152485
54187
644019
152503
283576
283578
54207
54212
119749
54221
119764
119765
119772
119774
283629
283635
283638
283643
152579
644100
283659
283694
54331
54363
283742
283748
90987
440515
349334
729967
54429
653509
54434
54438
54439
54442
54443
283820
414899
152756
54453
54455
54458
54460
54462
54464
54466
54468
54469
414918
54471
283848
283849
54474
54478
54480
54482
54490
54491
54492
283869
283870
54495
54497
54499
54507
54511
152816
54516
54517
54518
54520
54522
120065
120066
54531
54534
54535
54539
54540
54543
54544
54546
283927
54552
54554
54555
54557
120103
283948
54575
54576
54577
54578
54579
283971
54600
54606
283985
283987
283989
54619
54621
54622
54623
54626
54627
54629
349565
54657
54658
54659
54662
54663
284040
54680
152992
120227
284069
644524
54704
54707
54715
153020
284098
54726
54732
54733
284110
54737
284114
54739
284129
54754
284131
54758
54762
54765
54766
644591
54769
54776
54780
284161
151126
54793
54798
54800
54807
54809
54810
54811
54812
54813
54814
54816
54819
54821
54823
54825
54826
54827
54828
54830
54834
54836
54838
54839
54841
120379
644672
54849
54851
54852
100128327
54857
54859
54860
54863
54865
54870
54872
54873
54876
285521
54883
54885
54887
120425
54891
54893
54894
54896
153201
54902
54905
54908
54913
54914
54915
54918
54919
54920
284297
54925
54926
284306
54931
54932
284309
54934
54935
284312
54937
54938
54939
54940
54942
284323
54948
54949
54951
54952
54953
54955
54956
54957
54959
54960
284338
54963
54965
54968
54969
284346
54971
284349
54974
54976
284353
54980
54985
54987
54988
54989
284370
284371
54997
120534
87769
55002
55005
55006
55007
55010
55011
284390
55015
55017
55022
153328
284402
284406
55032
55033
55034
55037
55038
55039
55041
284418
55048
120586
55052
284433
284434
153364
55062
284439
55066
284443
55070
55080
55082
284459
55089
55090
55092
55094
55095
55096
55100
55102
55105
55106
55109
55110
55111
55112
55116
55125
55127
55131
55132
55133
55138
55139
55140
55142
55144
55145
55146
55147
55148
55149
55150
55152
55153
55156
55159
55161
55163
55164
284541
55166
55167
55168
55173
153478
55175
55176
55180
55181
55182
55184
55186
55190
55194
55195
55196
118426
55199
55200
645027
55204
55205
55206
55208
55210
200424
55217
55218
55220
55222
153527
55225
55227
55228
55229
55230
55231
55233
55234
284611
120775
120776
55244
55245
55246
645073
55251
55253
120793
55258
100128731
120796
55262
55266
55268
55269
55270
55272
153579
55277
55278
55279
55280
55281
55286
55289
55290
55295
55297
55299
55300
55304
55308
140290
55311
55313
55317
55319
55322
55323
55324
55325
55331
55332
55333
55336
55337
153643
55340
55341
55344
55346
284723
55351
153657
55355
55359
55364
55365
645191
55374
55379
120939
80232
55422
55423
153733
55432
55435
55437
219287
55450
55454
100128927
153769
350383
55501
55502
55505
55508
55510
121053
55521
55526
55527
284904
55529
55532
55536
55552
55554
55559
55561
219402
80258
22798
22803
55573
151258
22818
219428
219429
22822
219431
219432
121129
121130
22827
22828
219437
219438
55599
22832
55601
22834
22835
317749
22838
22839
645432
55609
22843
22844
219453
55615
55616
22850
284996
22854
55623
55625
55628
22863
22864
55633
22866
55635
22868
22869
22870
219479
219482
22875
219484
22877
22878
219487
22880
285025
219493
55656
55657
55658
55659
55660
55663
55664
55665
55666
55668
22903
55672
55676
55677
121214
55680
22916
55686
88455
22921
55691
22927
55696
22929
55700
55701
154007
22938
55707
55709
22944
55713
55715
22948
285093
55718
55719
55720
55722
55723
55726
55727
55728
55729
55731
55734
121274
121275
55744
22977
22978
22979
22980
22982
55751
55752
22985
219595
55756
55757
55758
154064
22993
55762
55763
22996
22997
55766
55769
55770
55771
23007
55776
55778
55781
23014
55783
55784
55786
154091
55789
55791
23024
23026
285172
23029
55798
23031
23033
23035
23036
23037
23039
55808
23041
23042
55813
219654
55815
55816
285193
55819
55821
55825
285203
121364
55829
55831
55833
154141
23072
23076
55848
55854
121391
23091
55860
55863
23096
23097
285242
23099
23101
23107
23108
23109
55801
23112
23116
23117
23120
55889
285267
285268
23126
23127
219736
219738
23131
55900
55902
55905
55906
55907
219749
154214
154215
23144
23149
23151
121457
23158
23160
55930
63935
23164
23165
23167
285313
23170
285315
23173
23177
23179
23181
23185
55954
23187
23189
23190
23193
23194
23195
23197
55967
23200
23201
121506
23203
285349
55974
55975
88745
23212
23214
23217
23219
23220
23221
285367
23225
55997
23231
56000
23233
219844
23240
154313
23243
645836
121549
23246
23247
219858
23253
23255
23256
23258
219869
23262
23265
219874
219875
23268
23270
23271
23277
23279
23281
23285
23291
56061
56062
56063
23301
100129543
23305
23306
23307
23310
219927
23325
23328
56097
56098
56099
23332
56102
23335
56104
56105
23338
23339
56108
56109
56110
56111
56112
56113
219954
219956
219957
23350
219959
219960
56121
56122
23355
56124
219965
56127
219968
56129
56130
23363
56132
56133
23366
23367
56136
56137
56138
56139
56140
56141
56142
56143
56144
56145
219986
23379
285525
23382
23384
23386
285533
23392
220001
154467
23398
23403
23404
23412
56181
100129654
23420
23423
220032
23433
220042
100293516
23438
23439
23443
285588
23450
285596
220064
252839
23464
23469
23471
56241
220082
23475
56246
23479
23480
56252
56255
56256
23491
285636
56261
56262
285641
23498
56267
220108
56270
23505
23507
252884
23510
23511
285659
23517
23519
23521
220134
23527
220136
23531
23532
285679
23536
23538
56311
23545
23548
23549
23550
23552
23555
220164
23559
23560
23563
23568
56339
56344
23580
23584
23585
89122
23587
23589
23590
23593
23594
23596
23597
100129842
23603
220213
252983
285753
285755
23616
23617
23619
23623
253012
23637
285782
23639
23641
23647
23658
23660
154743
23673
23677
113174
23704
122011
23708
56477
23710
113179
154790
23729
23731
154807
154810
23741
23743
220359
23753
122060
23759
253143
23769
113178
56547
56548
23784
23786
23787
253190
646409
285971
285989
56647
56648
56655
56656
56667
286046
56672
56674
56675
286053
56681
56683
91369
286075
286077
155006
253314
91373
286097
56731
155054
286128
155061
25844
155066
286148
286151
286205
56851
253461
286234
286256
56882
56886
56889
56891
56893
56900
56904
56905
56906
56910
56911
24144
56915
56917
56922
56929
56931
56934
56935
56937
56940
56941
56942
286319
56945
56946
56947
253559
56952
255252
56954
319101
56961
56977
56984
56985
286362
286365
56990
56992
56993
56995
56996
56997
57002
89782
57016
122553
57018
57026
253635
220869
253639
89801
57035
57037
9537
253650
57050
89822
57055
57060
57062
89832
89839
548596
89846
25897
89848
89853
122622
57088
220929
89858
57091
57092
57093
57095
89869
57102
89872
57106
57109
89882
57116
89885
57118
57119
89890
220963
548644
220965
57128
57130
155435
220972
57134
57135
57136
286514
57140
57143
57146
57147
220988
154661
9525
220992
57156
89927
155465
221002
57169
57171
57175
221016
57179
57180
57181
57182
57184
89953
57187
57188
51005
57194
221035
647024
89970
122740
57205
122742
57209
122748
57213
57214
221061
57222
57223
253832
57226
57228
57231
57232
122769
122773
221078
221079
140612
122786
90019
221092
90025
100130733
100130742
222537
122809
122830
90070
90075
221150
221154
9553
57326
253935
57333
90102
57335
221178
57343
221184
90120
90121
90134
90135
253980
90141
57380
221223
647219
57396
57403
57405
57406
57408
122945
57418
90187
122961
90196
90199
254042
254048
254050
286827
221294
57455
57458
57459
57460
57461
221302
90231
57464
90233
57466
57467
57469
57470
57471
57473
57474
57475
57476
57478
57484
57489
57495
123036
57502
57507
57514
57519
90288
57522
57523
90293
57526
57529
57532
57541
57542
57544
90313
57546
57547
90316
90317
57551
57553
57555
90324
57558
57559
123096
57562
57565
57567
57568
57570
57571
57572
57573
57574
57584
90353
57586
57590
57592
57593
57594
25983
57596
221443
57604
57606
57608
90378
90379
57615
221458
57621
57622
6775063
57624
6775065
6775066
57630
6775071
6775072
6775073
6775074
6775076
6775077
6775079
221481
57642
6775083
57644
57645
57647
90416
57649
6775094
90423
6775098
57662
57663
254272
57665
57666
90441
57683
57684
57685
57688
57690
57692
57693
57700
57701
57703
57705
57706
57711
100131187
90485
57718
57719
90488
57721
57722
123264
57730
57733
90506
100131211
123283
90522
90525
90527
57763
100131244
221613
57786
57794
57798
57801
57804
90576
123355
254428
90589
221662
90592
90594
57828
57829
57834
221687
221692
90624
57862
90634
90649
90655
90665
222642
90673
221749
53343
100131390
254531
118881
100129480
90701
254552
221786
90736
90737
221823
221830
222658
90799
90806
221895
90827
113444
90843
90850
90853
90861
221935
90864
90874
91607
221981
123688
90933
254783
353088
254786
353091
123722
90957
123745
254827
353132
90990
353139
222068
353141
353144
353145
353149
353164
254879
123811
353189
91050
91056
91057
91074
91107
123876
123879
254956
254958
91120
222194
100131827
353274
254973
91137
9729
353288
91151
123920
91156
222229
222235
90326
353322
353323
222255
222256
255027
353332
255043
353355
255057
91663
58472
58475
58476
58477
58478
4285
58485
58487
58491
58492
58493
255104
58499
58500
9750
91272
58505
58506
100131980
58509
58510
58513
91283
58516
91289
100131997
58527
58528
91298
25763
25764
58533
25766
728642
222389
25782
25790
25796
25797
25798
25799
25800
25802
25813
91351
353497
25818
91355
25820
375686
25822
25824
25827
26150
25830
342908
25834
25837
25839
25840
90333
25843
255220
124152
25849
25850
25852
91392
25862
255239
124460
91408
25873
25874
222484
25878
25879
91419
25884
25885
25888
25891
25893
25894
25895
91433
25900
25901
91442
25907
91445
25915
124220
25917
25921
25923
25926
25929
91703
25934
25936
25938
25940
124245
100885848
25956
25957
25959
25961
25963
25966
25972
25973
222584
25977
25980
342933
91522
91523
25989
91526
25992
26001
26003
100132247
26009
26010
26015
26017
255394
140870
26024
26025
26033
26034
222643
26037
91574
26043
26045
26048
255426
26053
124359
387522
26063
26064
26071
91612
91614
26083
26085
222696
26093
26094
124401
26098
26099
26100
26103
124411
26108
26112
26118
91661
26127
91664
26130
4355
26133
26135
9818
26145
91683
26148
124454
26151
26152
26155
100132396
91694
386653
26164
26165
26166
26167
386617
386618
80823
26188
26189
26190
91734
648791
26212
26205
26206
26207
124512
91746
26211
91748
91750
91752
58986
26219
100132463
386672
26225
386675
26228
386677
386678
124535
386680
26233
124538
26235
386684
157310
26240
157313
26245
26246
26248
255626
26251
26256
26260
26261
26266
26267
26269
26270
26273
26275
26280
26284
26285
26286
26289
26290
91828
26297
26298
157378
26230
59082
26231
59084
91860
91862
386681
386682
124641
26338
91875
26341
550631
255725
26355
440603
641371
91782
91949
124739
91975
91977
124751
124773
26472
223082
26476
9875
124790
26493
157567
26496
124801
26499
26502
59271
124808
26505
59274
26507
26515
26517
59286
26519
26520
26521
26526
26532
26533
26534
26538
26539
255919
92086
255928
92092
157638
92105
92106
26575
59345
26578
59348
59349
387032
59353
26589
26595
124912
26610
124923
65263
157697
256006
124935
387082
124944
285672
26648
387103
387104
124961
26658
26659
26664
387119
256051
26292
26682
124989
26686
26689
124995
26693
26696
92235
157773
157777
91833
92270
26735
26737
649330
26740
26747
92285
26750
26751
125058
92291
92292
285676
256144
9923
256148
92312
92335
92342
92345
92346
387264
91851
92369
125150
125170
92421
387338
26333
256309
92483
256329
26959
26339
158038
26974
256356
26984
92521
26986
256364
26993
26994
27000
27010
27013
92552
27018
92565
27036
57639
27042
27043
27044
387496
92591
158131
51093
27065
27067
27069
92610
27075
27079
158158
27089
27090
27091
27094
27095
27097
27098
27106
27107
27111
780776
27115
27124
27128
27129
27132
27143
27145
27147
387601
27156
27158
100170841
158234
27165
27166
92703
125476
158248
27177
27178
27179
125488
92745
219541
158293
158297
27229
27231
387680
27236
27237
27238
27241
27243
27244
27245
27246
27247
27248
27249
27254
27258
92797
92799
387715
92806
92815
27283
92822
27287
27288
27289
27292
27294
27297
387748
27303
27304
27314
92856
10015
387775
387778
27332
27333
27334
27335
27336
27338
387787
27340
27346
27348
27349
27350
27351
27352
158427
158431
26007
92912
100526842
387836
343169
387849
387856
92949
92960
27433
387882
27436
27439
27440
113802
92999
387923
57654
162963
158584
158586
256892
57655
93058
64663
60313
93099
93100
93107
256949
60343
8556
125893
93129
93134
403277
256979
441509
60385
10066
93185
125958
125962
125963
125965
388115
257044
60437
158747
158763
93233
126003
126017
158787
60487
60489
60490
60491
60492
60493
158798
158800
257106
152078
158809
26469
158833
158835
126068
126069
126074
388228
257160
93323
60558
60559
60560
100101267
93343
158880
93349
126119
64711
388272
257202
60598
257218
93380
257240
93408
388336
93436
60672
60673
60678
158983
60680
60685
60686
126231
257313
93474
388389
126248
93487
126259
93492
388407
126282
93517
257364
126295
100101467
126308
93550
388468
163049
126328
158056
64747
257415
126353
93594
126364
126370
126375
388523
126382
195827
152137
93624
126393
126410
93643
388558
388566
388567
388569
126432
126433
388581
388588
90411
388646
283229
163081
126520
126526
168544
28227
388677
28231
28232
126541
126549
388695
388697
388698
388701
3123
159371
388753
28316
126638
252995
126669
388818
337879
337880
126755
126767
94005
94015
126789
100527943
126792
92935
94030
94031
94032
388951
28512
388962
388963
126820
126823
388969
94081
94086
94097
126868
94101
94103
94104
94120
94122
552891
126917
159686
94160
258010
389090
163154
389114
389123
389125
389136
100134934
127002
94239
389158
92170
94274
127059
127062
127064
127066
127068
127069
127074
127077
92181
127124
192666
553115
389289
192683
553158
158405
389337
389362
159989
127247
389396
127253
127254
127255
28952
28954
28957
28965
28966
28970
28971
28972
28976
127281
28978
28981
28983
28985
28986
28987
28991
28992
160065
337974
28998
27153
157753
29028
29035
100462977
29058
29066
29068
29074
389524
29078
29079
29080
225689
29082
29086
29087
29088
29089
29090
29091
127396
29093
29094
29095
29097
29098
29101
81309
29105
29107
29109
29114
29121
127428
643836
731220
127495
389643
160287
389677
100653358
127540
389690
267020
163255
645832
160365
127623
160419
389799
160428
127665
389813
389816
23389
127703
127707
92283
160492
26749
389874
64979
389898
127829
92304
100463486
55844
283459
390036
390037
390038
390054
390058
390059
390061
390063
390064
390066
390067
390072
390075
390077
390078
390079
390081
390083
390093
150472
390110
390113
160760
160762
390142
390144
390148
390151
390152
390162
390167
390168
128025
390181
390190
390191
390195
390197
390199
390201
390205
29765
29777
160851
100529240
29796
390245
29799
29800
29802
100529261
390260
390261
390264
390265
390271
259217
29855
390321
390323
390326
390327
29886
29888
29889
29890
29894
29896
29903
128209
29906
259285
259286
259287
259289
29915
29916
29923
29925
29926
29929
29930
128239
128240
283518
29943
29944
29946
29948
29951
29952
29953
29957
29960
29964
29965
128272
29969
29978
29979
29980
390429
29982
390431
29984
390433
390436
390437
390439
29994
29995
29997
29998
30000
128312
100431172
128338
128360
128366
128367
128368
128371
128372
390538
161176
128414
128434
390594
390598
161253
390637
390648
390649
22829
63027
63035
63036
55565
128611
128646
161424
161436
390874
390882
390883
161514
390892
390927
390928
653121
390980
391002
391013
653192
26953
653240
128954
161725
391104
391107
391109
391112
391114
653268
653269
128989
129025
391189
391190
391191
391192
391194
391195
391196
161823
161829
391211
391253
100137047
653404
30814
30815
30816
30817
30832
30833
129138
30835
30836
26985
100169851
30846
30848
30850
30851
161931
81602
653489
260293
30968
129293
653583
129303
653598
260425
260434
653656
653657
9764
96626
338323
129401
63874
63875
63876
63892
63894
63897
63899
63904
63905
339287
201798
129450
63916
63917
63920
63923
63926
63929
63931
63933
63934
162239
63939
653781
653784
63970
63977
63979
653808
129521
55596
129531
129563
162333
391712
653857
92595
64064
64066
360203
64073
64077
64080
64081
64083
64087
64089
162394
64100
64105
129642
64110
64111
64112
64118
64121
64129
27074
64146
64147
64151
162461
64167
64172
79607
64207
64215
64216
64222
64224
129787
55605
129804
9778
64282
64288
129831
162605
64319
64328
136332
64333
64342
162655
388403
64375
162681
64386
64393
162699
64403
64405
654231
64410
64423
64427
64429
654254
64434
64446
392138
326624
326625
201895
22879
55613
10877
392197
654346
654364
130106
64577
64579
64581
64582
64591
64599
64600
64601
654429
26156
92715
92689
130162
392309
162962
654483
162966
162967
162968
162972
162979
64682
162989
162993
162998
392376
64708
392390
392391
392392
64714
64718
163033
130271
195814
64745
163050
163051
64748
64753
163059
64756
64761
64762
64763
64766
163071
64769
64771
64777
64779
64782
163087
64785
64786
64789
64793
64795
64798
130340
163115
64816
163126
283871
392509
130367
114571
64839
64847
64848
64849
64850
64852
64853
64855
64857
64859
64860
64881
64895
64897
163223
64921
64922
152815
64925
64928
54512
64943
64949
64951
392636
64960
64963
64965
130502
64968
64976
64978
196051
64981
64983
130535
196074
65003
130540
65005
65008
130557
130560
54529
163351
130589
65056
65059
65061
65080
130617
65095
65109
65110
360023
65117
261726
261729
65124
55634
283933
130749
130752
78995
65220
196294
65243
65249
65251
65260
196335
65264
65265
9811
65268
130813
163590
130827
196374
196385
256646
196403
149478
393046
196441
163688
196472
196477
196483
158358
100302736
163732
196513
196541
163782
163786
27300
131034
92840
