114785
114783
114781
114780
114789
338339
28996
28990
28999
55293
5989
55294
51268
727897
51266
5980
5981
5986
5987
960
55343
6342
6794
6795
6792
6793
6790
283807
270
271
272
273
274
275
55830
100652748
389207
140825
9256
9254
9255
9520
9253
57472
378805
378807
84126
84124
26022
26027
64900
26574
646960
22876
147872
22871
22873
84699
84690
3512
84694
3516
160897
2688
167465
2687
2681
2683
285848
91
90
93
92
100527949
94
256297
83478
83475
256126
164656
133522
29767
29766
29761
29760
29763
1176
1173
23509
23054
23057
23504
23051
1179
23500
79846
340895
169026
196410
514
7188
7189
7181
7182
29102
7184
7185
7186
7187
91687
3433
91689
283652
8549
56978
343472
8546
8013
8540
8543
7456
2037
7454
7455
7453
7450
2036
2035
7458
23657
2034
2033
4849
65082
55330
55621
55620
55627
55626
55624
84901
389073
10887
389075
84909
23650
10888
144347
8291
50674
4734
154865
6535
4842
2317
8295
2038
4739
65266
65267
392
391
390
397
396
395
394
399
398
2309
2308
4729
2301
2300
2303
4726
2305
2304
2307
2306
11281
11280
11282
11284
3748
389692
3747
3744
3745
3742
56829
3741
4622
414062
4624
4627
4628
4629
222553
116337
57669
51106
51107
220202
51100
63908
51109
105379037
122970
178
177
176
175
174
173
1111
152831
200558
57085
57084
10392
10394
10395
10396
57082
10399
57089
1113
7216
55835
54414
54413
6810
6813
6812
6815
6814
6817
9757
9755
10579
9751
10577
10570
10572
9758
24146
24147
24145
24140
24148
24149
8848
8840
8841
8842
8843
8844
253260
8846
115019
55466
26330
338821
146862
493829
375616
149461
1763
1760
1761
1767
1544
1545
696
1543
1540
695
11113
699
58531
11117
1549
8711
8714
8717
8718
79705
79703
79701
201633
55103
5618
5619
55107
5610
5611
5617
339448
10253
23266
23263
23261
23269
10252
57477
9252
644815
9521
9522
367
6778
6774
6775
6776
6777
6770
115908
6773
9965
9966
9960
9961
9962
9963
9968
258
259
55818
10049
251
55811
55812
362
9508
9509
57412
57410
9501
9507
219854
84109
3689
3688
84100
84101
3681
3680
3687
3685
84107
90480
64924
26040
2516
26047
26046
361
5058
5054
5055
5050
5051
5052
5053
138065
60468
10761
10763
10762
10765
10767
10766
10769
64902
54996
54993
493753
112939
441925
400506
255520
89941
203238
83637
10184
390243
10181
347732
347733
161582
83639
23078
1159
1158
1154
23071
23077
1153
1152
29127
29126
25898
29123
29122
25890
29128
643866
8036
8031
51043
8038
8528
8522
8521
8520
8527
8526
8525
1419
102723475
374946
150365
127534
374768
181
389058
26548
4299
4298
4294
4297
4296
4293
4292
23380
23383
23385
23387
84695
81565
81567
1840
4741
4747
4745
4744
55316
55315
55312
5865
5864
5860
56666
56848
2182
2181
2187
2186
2185
2184
4607
2189
4605
4602
4603
4600
4601
57646
57643
6453
27235
51128
27230
27233
27232
51125
151
150
153
152
155
154
157
156
158
6900
146664
85442
85440
85441
85444
85445
80168
80169
6185
6909
200576
134429
2720
2729
9191
7940
7941
9197
10379
10370
10371
10563
100190949
10562
9746
80380
80381
122953
6234
6237
6236
89790
9743
10518
10519
152273
10512
9774
9777
10516
9770
10514
9772
285362
8867
8864
8862
8863
8861
8869
255738
819
811
84717
814
815
816
817
80834
80835
5265
5264
5261
23186
5269
5268
64376
11137
11136
11133
11132
11131
79726
79727
91452
79723
3026
3024
79728
3021
3020
284361
8738
8739
8737
91181
8731
4199
4194
4192
4193
4190
8835
197259
3954
55129
11213
55120
8831
55122
55124
644186
151195
338376
93589
23244
23241
23242
93587
8192
389549
8190
6434
6433
6432
8195
27006
27005
6439
124872
266553
26271
55788
55787
389421
6752
6750
6751
6754
6755
9942
9943
56479
9945
9948
90993
56474
376132
51804
57787
55879
238
239
55872
55870
230
231
9370
253827
341676
26065
26061
26060
64499
2538
2539
2532
2533
2530
64946
2534
2535
5078
5079
5071
5076
5077
5074
5075
9562
9563
9564
10749
9567
933
9569
931
930
10743
54209
54206
54205
246777
246778
1829
83439
3083
254102
23405
133308
146433
84525
157695
169792
1075
1823
23059
796
795
794
793
9381
9388
81031
799
23506
1139
1138
1133
23503
1131
1130
1137
1136
1135
1134
7148
26995
7145
26999
26998
7140
7141
7142
7143
8502
8505
30010
8507
8506
8509
8508
79575
79574
79577
360163
2882
7498
2886
2887
2885
7490
2889
7494
23011
23013
23012
23017
126133
26523
8405
26524
26525
1281
26528
1280
1282
58529
3270
1289
4761
4760
4763
4762
26291
344167
11248
29108
96459
11247
11240
678
55669
5803
51327
5801
5800
51490
5806
5805
688
56649
79998
116372
684
687
140606
1577
140609
29104
51149
51143
29106
51146
51147
6935
116985
80149
117177
85461
80142
80144
80146
4889
2709
10352
4880
4881
2707
4883
4884
2700
2703
4887
9179
7965
10682
10683
10681
10686
9170
6259
6258
6253
6257
6256
10531
10533
10537
10538
10539
113278
9719
8544
9716
3475
22995
831
8888
837
835
255758
839
8880
3479
8882
8883
646486
646480
84733
10926
80853
80856
80854
55117
1728
1729
5245
5244
1725
5241
1723
5243
5627
5626
10229
5624
7025
468
100125288
3004
3007
3006
3001
3000
10215
54014
3008
9459
1588
79741
1582
1583
1580
1581
1586
1587
1585
57545
115727
283420
7289
9457
114899
114898
10677
145553
170392
10675
5657
5654
121278
5652
5653
26095
5651
339488
129607
23732
55629
130916
23228
23229
27020
27022
27023
23224
6419
6415
6414
6416
50846
50848
7779
320
3916
3915
3914
3913
3912
3911
3910
3918
8314
8315
8317
8312
8313
6738
8318
5995
56413
10885
5997
9928
23276
5991
9924
57498
9927
216
217
214
215
212
213
55856
55857
55858
55859
23272
218
55509
158326
25771
25776
25777
324
26115
253430
3645
3643
3642
3640
2550
2551
2553
2554
2555
2556
2557
2558
2559
440400
26086
116496
3708
5010
5013
5015
5017
5019
200014
387521
94134
94137
90627
53938
919
152404
915
9547
917
113510
9542
9543
912
112398
112399
64211
440073
64218
64219
644414
84504
22943
133584
168975
284086
79080
79083
79085
79084
1032
29103
7168
7162
7161
7166
7167
7165
501
8078
115557
339745
631
8073
8074
8076
633
3425
6041
92579
23139
1447
23136
1445
1114
1441
1440
1119
1118
23034
23032
1448
23643
23132
2005
26508
26509
26503
26504
4854
159090
8491
4583
3705
159091
4582
81501
59352
2302
6526
4722
4783
4782
4781
4780
220002
51305
165679
51300
51301
220004
51303
5829
5828
11261
11260
93621
101928601
221711
64778
56623
64776
56624
22981
51162
128408
51166
51167
51168
340061
65979
10109
65977
64518
81839
199
81833
81832
197
196
191
190
10106
117157
117155
117154
117153
9679
10332
10333
2769
57576
10336
10335
2762
2760
2767
57578
2764
9489
9482
391723
9487
9486
6271
6272
6275
6277
6276
6279
348980
246
241
55806
9730
9732
9735
9734
9737
9739
242
3868
387990
79412
376497
121793
857
3456
3454
3455
84759
22974
3458
3459
858
859
653361
26873
5229
5228
5226
90167
90161
3062
3061
3060
3067
3066
3065
3064
3068
11187
11184
91147
79767
83992
83990
115703
83999
652968
152006
51009
55075
222894
51554
2597
1305
1306
55079
1300
1301
1302
1303
23208
66000
66002
1308
66004
5727
27040
498
5724
150864
495
496
340260
490
491
493
6478
6470
6477
6474
7755
92140
7750
7753
57402
3939
3934
3937
3936
3931
3930
3932
9247
6718
6716
6714
6715
6712
6713
6710
6711
9904
9902
9903
9900
9901
9908
377841
145282
55520
131377
4045
4046
4047
4040
4041
4043
4048
4049
201780
25759
3665
3664
3667
3661
3660
3663
3662
150684
3669
53831
90427
2572
5583
2570
130399
165530
27152
117247
57211
57215
57216
57217
3593
3592
3590
3597
3596
3595
3594
5036
5037
5034
3598
5033
5030
5031
4435
4437
4436
341640
60401
4439
4438
977
976
975
974
973
972
971
970
90390
53919
53918
871
85340
27113
153339
64236
6917
168002
125950
340547
134701
84561
10474
10471
83694
83697
10472
10479
137735
163589
8927
8925
8924
8929
8928
3386
7100
7101
7104
7108
7109
5411
5413
1687
131616
10397
92558
29988
149685
29985
29986
151306
1465
1464
1466
1460
1463
1462
84984
84986
4239
4237
4233
4232
5591
5590
5593
5592
5595
5594
5597
5596
89781
89780
91608
91603
319
313
310
317
11200
11202
79661
51363
51361
51366
65009
64759
64750
124056
64754
23415
23414
23417
23416
23411
23410
23413
23418
27257
27255
27253
27252
27250
51186
2693
51185
2692
2299
2290
2297
2296
2295
2294
387712
55959
6938
149345
92017
56603
10912
10913
56606
10911
8692
10919
10318
10319
9131
7293
7294
7295
7296
57554
7299
9139
9138
10642
7704
10316
10317
121268
121260
56254
6299
6297
6296
6295
6294
6293
6290
26122
81857
26121
81858
26128
100130015
89884
113235
147912
35
7709
7804
56975
79840
56970
22953
22952
57129
79849
22955
56979
2741
4593
2743
2742
2745
2744
4594
2030
4846
4841
2039
4843
637
80896
80895
5201
5202
5205
5204
353116
5209
5208
54583
54585
54584
54587
5966
638
639
11197
11196
54729
3040
338
146206
57511
147991
1326
1327
1325
23770
1329
23774
8682
6905
6452
6455
8139
6457
8685
27063
8131
59269
6908
1917
92126
92129
50809
7738
7732
338645
50805
3959
3958
127943
3953
3952
3950
3957
3956
3955
55093
389119
728637
221037
121599
126326
130951
117581
55540
117583
117584
55544
4063
4060
4061
4066
4067
4064
4065
4068
4069
344022
5784
5786
5787
5780
5781
5782
5783
5788
5789
3603
3601
3600
3606
3605
3604
3609
3608
116987
116986
414328
116984
116983
94241
116449
57761
90407
55894
55897
55890
55898
57492
57493
57491
57496
57497
57494
951
950
953
148345
955
954
957
956
253512
80243
80790
85360
85366
85365
29775
125972
6334
6335
6336
6337
6330
6331
6332
6338
1142
552900
10451
10457
10456
9672
10454
10105
10459
10458
9678
10100
10102
163259
23049
138639
8909
112609
7957
8905
8907
8900
54910
2177
1149
4968
23515
125206
152002
7128
7126
7124
7122
7123
407053
84232
1666
132946
1663
1662
1660
590
4076
595
597
596
599
598
9474
2828
2829
2824
2826
2827
2820
2821
2822
2823
5414
3384
3382
3383
3381
3964
1409
1408
79048
79047
1400
1407
1406
1404
4215
4214
4217
4216
4211
4210
1491
4218
58538
342898
102725541
5579
84295
5577
5576
5575
5573
3263
5571
5570
79269
79598
79591
79595
91624
11112
339
114131
335
334
337
336
331
330
333
332
93661
93663
93664
11228
11116
11221
1938
51341
51343
51430
25906
25902
283463
25909
23432
23431
340024
23435
3631
348235
10369
139562
55972
6103
6102
161882
159296
10938
10939
10935
10930
10933
9119
9118
152586
9448
57531
57530
9445
9444
57535
57534
57537
150726
54532
1595
162282
54820
81876
81873
3416
8022
22933
6101
22937
22936
3418
3419
138162
79867
94056
79864
56955
56956
56957
56950
8027
10664
10666
4869
10660
10661
10663
4862
4863
4860
2016
2011
2010
4864
2012
10592
10594
10595
10361
57539
54700
29099
57538
54708
27434
9038
7015
284451
7013
133150
123041
10257
9110
146227
9113
9112
157848
9114
339390
2128
79677
79674
79671
727851
727857
1346
79679
6929
6928
6925
6924
8110
6926
59283
8115
2157
7716
114836
8372
8379
28951
989
151449
28956
28959
51004
943
26353
26354
51003
100127206
4008
4009
4000
4001
4004
4005
51087
55705
3973
3972
3975
3977
3976
3978
3628
3621
3620
3623
3622
3625
3624
3627
3626
81792
60370
57704
57708
57709
201292
51663
51666
51665
55568
51668
56033
56034
6446
4478
4477
80221
85300
85302
80224
6447
50616
162494
6444
1024
1027
199699
1026
5340
5341
22931
286410
3417
6310
6311
6314
6318
6319
139716
1029
10439
9653
9650
10128
9308
9654
9655
9306
9659
10126
10125
10436
9455
8533
125228
1644
1647
1641
1643
1642
1649
579
79868
29949
169355
29945
572
571
29941
29940
575
2802
2800
1421
1420
5430
5437
1427
3364
1428
58473
602
3360
4868
3362
3363
284021
2019
79066
79065
2018
388015
171546
608
197131
2015
5551
5550
5553
5552
2017
91647
91646
91319
4867
30819
959
5883
5881
23180
5887
6772
93649
23184
23635
5889
5888
340348
23633
23632
6555
6556
6557
6550
6558
6559
25920
25925
25928
5874
9452
23451
23452
23457
23456
57126
92749
196264
3229
27295
7504
356
355
7507
353
9882
351
350
7508
359
358
57127
56852
6121
10117
55915
55914
57124
255877
9616
10959
64864
10950
64866
10956
10955
121227
283847
2191
26168
2259
2258
81631
2256
2255
2254
2253
2252
2251
2250
2196
200150
166929
22918
22917
22915
22914
22913
22911
4800
2784
2787
222546
4804
2780
2782
79801
79800
94033
79805
2788
79807
257
9465
9464
57515
9466
57513
57512
9463
9462
2073
2072
2071
2070
2077
9468
2074
54892
54890
54897
54545
54898
54541
952
54542
54922
400629
157285
5734
9793
9792
9791
9790
9794
5731
100506421
5730
54768
84667
84666
84661
11319
84662
54093
54760
54763
11318
54097
54764
285527
7353
84707
57007
7080
7083
7082
7084
7087
7086
9807
6495
6494
6497
6496
8174
79659
6493
6492
79654
6499
79651
79652
6949
51129
6943
6941
6944
114815
26762
114818
148979
9500
8398
8399
144245
333929
333926
8395
8396
1366
3196
1364
476
1363
3191
475
8821
478
479
3199
1369
127018
735
4026
4025
4023
166
55764
3998
51065
3996
55768
3993
51060
3991
3990
130888
57728
57720
57724
57727
3683
27175
27173
253738
3682
55584
55585
55582
290
291
56052
84106
3684
85329
80208
80207
80206
80205
80204
100506658
345222
253558
161291
200894
124599
2444
153396
124590
7862
2515
57185
57186
64926
7869
8092
441161
389840
6370
6372
6376
10417
10140
10142
10413
53353
10410
10149
10148
90007
10419
10418
9638
9328
9322
9631
9320
9321
9635
9636
8941
8940
8943
8945
54954
349667
84059
84056
84057
619373
26973
5406
58189
3206
1621
3204
3203
3202
3201
3200
1999
1629
1628
3209
3208
84279
84273
2861
2863
2864
558
2867
2868
554
551
29966
553
552
373863
1439
79001
5459
79005
1191
79008
3340
5453
1195
5455
5456
10360
57099
284001
4259
4255
4254
4256
5533
5532
5531
5530
5537
5536
5535
5534
5538
89765
91662
83729
341567
1349
130507
51473
10232
51474
7356
23613
51478
132014
6572
6573
6570
6571
6574
6575
6578
6579
25949
25948
643418
25941
25943
25942
25945
25946
23476
3836
3837
23473
3831
3832
3839
57047
10768
379
378
7520
7525
7528
372
375
374
377
55937
51297
51294
51295
55240
55243
165904
51298
51299
59285
6146
59284
6927
10970
10971
10972
8111
84878
84879
10978
10979
84876
84870
286826
64843
5919
64841
64840
154664
64844
653677
79587
55998
219931
26140
2274
2277
2271
2273
2272
64598
81618
387914
387911
5547
56912
56913
79823
79822
56916
56919
2051
2050
2053
2052
2055
2054
2057
2056
2059
2058
4824
4825
400745
4821
10628
9402
9401
9400
7984
9406
10620
10621
10622
404672
10625
54567
54566
64332
254065
84640
84647
84649
7325
7326
7320
10089
7322
7323
10085
10087
7328
7329
10083
157807
3781
8850
7069
7068
7067
7066
7060
54742
54741
54749
143187
8624
79633
8626
79631
79637
8622
5898
137695
123606
11231
375449
3784
375337
126075
9988
9986
9984
9985
9980
11025
11021
11020
11023
11022
23288
729830
410
411
1385
1386
1387
1380
1381
1382
23287
51599
55036
51593
55035
55746
55031
5274
147183
5277
431705
347730
431707
220323
51626
1773
51621
27159
27154
253714
150572
64109
64106
81285
60485
60484
64102
60482
60481
64101
148327
259266
80776
6688
6689
6683
6687
7849
7844
7846
7841
7840
6356
6354
6352
286451
23428
53373
9341
9342
9343
9612
9610
9611
9348
10165
10164
10163
9618
9619
1814
1815
1816
84070
1811
1812
1813
54972
285220
84079
54977
4952
23075
84250
84251
2166
84254
341276
1979
1978
1977
1600
1603
1602
3221
1604
3223
1606
2849
2846
2847
2844
2845
2842
2840
388585
3320
5475
5473
5470
3329
5478
5479
55704
79026
55706
321
51083
55702
114990
5519
5518
5511
5515
5514
5516
29901
535
83700
83706
29907
538
23671
3037
319100
5139
23676
23678
1909
51458
5137
195828
3295
51450
51451
3033
51455
6518
6519
10797
25962
25960
6511
59307
6514
6515
6517
115004
7348
10021
8706
55486
23499
3814
3815
23495
3818
23493
23492
65992
8456
8455
8454
8452
8451
8450
8459
115861
50509
50508
7541
50507
7543
7545
7546
7547
6169
6160
84818
10998
10999
84812
257062
10991
2213
2212
2217
2215
2218
201294
391051
387640
391059
130120
4512
5608
9429
9421
9420
9423
9424
9427
5289
5288
5281
5283
5284
246329
5286
60675
60676
60677
64318
134957
121665
4724
63898
163175
80010
128710
84628
84623
9025
9034
83931
83932
9024
83938
7301
7306
7305
7005
9283
9282
54503
54502
54505
54504
54509
9470
7045
7044
7047
7046
7041
7040
7043
7042
5090
221833
7049
7048
80119
8608
8609
284217
8607
8604
375316
2989
126014
51320
2983
2982
2981
2980
2986
2984
1019
1015
1017
103910
1012
1013
85301
144577
4358
4359
4354
4357
4350
4351
4352
4353
11001
11006
11005
11009
151176
9104
22884
79613
439
79618
434
435
432
433
430
11344
11345
11346
11340
11342
11343
9497
55016
51022
51025
55013
5704
255022
747
5700
5702
3315
374378
60314
60312
64091
2246
2247
2241
64096
27133
27130
27131
27136
27134
9101
80712
359787
259249
441024
10838
1050
1051
5355
1053
7827
1056
245913
22920
124626
64127
64122
64123
26268
9368
9369
57325
9365
100506564
9361
8985
8989
376267
1832
1833
1830
56896
3799
1837
1834
56892
1838
1839
3791
56898
3792
2155
4983
4982
2150
2151
4987
2153
4988
2158
2159
192668
192669
1954
1956
1951
1950
1952
1959
1958
100316868
3249
3248
3242
3240
390790
23636
56923
56925
56924
112869
58498
1487
1486
3308
3309
3306
5495
5496
58490
58497
3303
58495
58494
2068
2069
164781
1992
282969
83892
83891
83548
1271
57030
83546
610
83543
2792
161497
2796
29928
29927
29924
515
29922
517
29920
623
23129
1997
23659
624
23125
629
23654
89857
23122
6536
8242
8292
6532
6533
6530
6531
6538
256714
8793
25988
25987
25981
399823
5868
3872
503612
3875
8477
8471
8470
8473
161003
257101
221421
92609
92359
7569
9651
338567
9656
55209
55201
55207
84833
644168
84838
4166
4163
4162
4161
4160
64806
64805
64802
4168
10437
10124
440503
204851
92979
2239
2230
2235
2237
5937
5936
5935
5934
5933
5932
5931
5930
8128
389941
4609
8424
3490
3491
286262
2091
2099
9782
114548
128553
81929
64374
64377
81926
80036
11309
51062
23592
85007
23595
203447
83953
347853
83959
7368
7369
9759
54831
54521
54832
7023
7022
7021
7020
7027
7026
9001
7024
10220
10221
388939
10223
121642
121643
54788
112476
54784
347273
55054
64005
7799
7798
7791
146956
3337
79180
164312
1039
79188
1030
1031
1036
1572
9126
11069
359948
11061
11060
11063
11065
11064
11067
8660
8662
8663
8667
79365
79366
4081
4082
4084
4085
4086
4087
4088
4089
11322
11320
11326
126695
11325
11328
11329
55072
5728
5729
55074
91893
51555
5723
5720
5721
220107
51550
51001
5725
374354
91543
143279
127343
23357
23352
23353
23358
8085
8086
8087
8082
100526761
340719
51684
55697
578
55692
55693
80739
28964
6648
6649
6645
6646
6647
6640
6642
6643
573
10811
10815
10814
56257
10818
56253
29947
7805
57699
121340
7809
57695
57696
57697
386724
57120
57121
150465
283131
26050
6399
6392
6390
6391
81704
120526
2395
344191
64145
26249
57348
128344
80195
80199
80198
125111
1859
79960
79961
1850
1852
84033
84034
1855
1856
134218
2172
2173
2170
2171
2176
81029
4969
2175
4967
162417
81027
7097
170825
84296
3265
3267
84293
3269
5125
5126
5127
5121
5122
7093
440279
116039
440275
53335
112802
7942
3361
5046
79068
375298
6886
6887
6885
6881
6888
83746
83741
137970
605
604
79797
79791
1208
79792
23102
1207
1201
1200
23105
59340
59341
59342
59343
59344
30818
8277
30811
30813
30812
10772
171019
541565
171017
9510
55198
466
55191
55193
55192
6668
1356
8419
8418
463
8412
8416
144124
7589
7584
102723545
9802
219537
89874
126206
219539
374654
374659
6667
26470
26471
131566
4149
4148
4145
4144
4147
4146
4140
4143
4142
3856
3857
3855
3852
3851
3858
3859
5961
114770
114771
55226
51764
55224
55223
51763
51761
5915
5914
5917
5916
5913
5912
79885
79887
56751
79888
64689
60506
4552
4550
254225
57599
57597
57595
57591
27306
27301
27302
64425
64426
64421
64422
100507003
64428
64359
146713
80055
152789
80059
998
644890
387357
139322
139324
2617
90362
2619
2618
7347
7345
7342
7343
7341
10025
10022
10023
10020
7349
818
84197
84193
84191
283953
54815
7009
7008
9028
10242
10243
7003
9026
9021
7004
7007
7006
22888
5880
84376
22881
157574
22883
22882
157570
22887
5886
29880
29881
29882
29883
51412
29887
5884
2949
2948
100133941
2940
5357
5356
1052
5354
1054
5351
5350
1058
1059
84532
5359
5358
169166
4311
4312
4313
4314
4316
4317
4318
4319
11047
54106
54101
11041
11040
1180
3119
122481
3117
3111
3110
283571
144715
8648
8646
8647
8644
8645
8642
8643
50489
50484
50485
50486
50487
2596
5740
5741
5742
5743
5744
5745
5747
23598
64344
647265
51573
55051
51571
2593
340205
55055
51574
25825
25821
374403
25828
25829
353500
3183
220382
23378
729230
51686
23376
23370
23371
23373
1601
51029
131177
84976
6662
6663
6660
6666
84978
6664
6665
221656
221120
10871
10870
10873
10875
10874
9127
2135
26229
26223
100529144
26224
26227
152330
1876
1877
1874
1875
1870
1871
1879
2118
4942
79944
79947
4948
57104
57105
57107
57101
57103
2110
2113
2114
2115
2116
160364
54487
6612
1911
1910
5100
1912
3281
5105
27293
90550
10499
10498
10497
57369
10495
27291
10491
10490
4010
887
886
885
54664
54665
889
122416
55773
80315
80314
354
80312
3988
7503
84418
112755
3984
6868
6869
3985
6866
6860
6861
6862
6863
57817
9270
9580
57818
3981
9581
163479
1269
1268
7357
668
667
1262
665
664
663
1265
1264
8789
8788
7358
30837
8786
8784
5360
9589
388743
9231
5104
114971
3280
8431
8433
144455
8435
8434
284111
8439
8438
284119
9827
9826
9821
9820
9829
257144
23161
23163
23162
23166
23169
151011
158067
51560
4129
4128
6152
4123
4122
4126
4125
4124
55421
5681
116534
50862
114757
145270
81693
118663
23788
130497
5979
5978
27092
5973
5972
5971
5970
5977
5976
51742
56998
56999
60526
56776
6443
60528
60529
25780
25788
10272
140733
100506736
27164
27327
27324
27329
2587
2585
2584
64407
2581
100507027
64409
134391
2589
2588
146771
10953
9058
139341
80070
55591
6059
287
349149
10006
10007
10000
2638
10002
2635
2634
2637
2636
10008
10009
2632
100126572
9595
9590
54874
346673
84172
10265
10266
10267
10268
10269
126129
9049
9048
9043
9040
9047
9046
9044
3547
142678
3549
84318
84313
84314
768
2961
762
763
760
761
2969
767
765
474344
79147
79143
5375
5376
79148
1073
5373
5372
4338
4336
4337
4335
4330
4331
3135
3133
91768
51510
51514
51517
23576
5764
5763
196446
59067
91584
91582
25809
25804
25805
25806
25807
25801
25803
1627
136259
23318
23312
23316
26160
23314
23315
5187
958
7425
10891
7423
7422
7421
7429
7428
93183
6601
6603
6605
6607
6608
6609
10856
653437
10850
84958
10858
64285
140690
1043
63978
63976
63973
63971
245972
1047
5367
158219
5364
1044
2358
2359
2353
2350
151516
2356
2357
2354
2355
219293
6736
139285
348158
3739
3738
3737
3736
3735
1890
3732
1893
4923
4922
4921
4692
2132
4926
4925
2131
79922
79923
4929
4928
2138
79925
57162
93986
57167
57165
5160
2785
5163
5164
5166
5167
5168
5169
54463
116071
4803
2781
222487
4808
23038
9698
9699
9696
9697
146691
9693
9690
57381
84787
54602
256302
10603
10600
80332
80331
2078
4778
666
57045
1261
644076
1798
84439
1793
1267
1791
1796
1795
1794
167826
57048
6843
6840
660
6846
6847
6844
6845
57835
6300
6590
6591
6594
6595
6596
6597
6598
6599
8239
54549
55652
493856
5819
8787
9940
55303
112770
375704
115207
115209
9843
9842
9841
9840
9846
9844
257169
145873
102723508
338094
3092
1240
3090
1534
645
1244
3094
646
359845
3098
3099
503542
84892
84891
84896
84897
84894
84895
158046
84899
9644
53630
9314
9641
53637
91937
3899
9643
55157
55151
3897
3895
116519
56172
116512
145258
2119
51234
5950
51230
5957
132612
5959
51720
64645
64641
148229
1991
8436
128821
340152
79441
5774
27343
27342
27345
27344
27347
64399
64398
153562
64397
64395
340481
51564
23569
51561
10062
10063
10060
57446
9201
10068
2650
2657
57448
7389
7380
7381
7386
54856
54855
149175
54853
54850
84159
84153
84152
9060
9063
9064
9066
9068
10283
10280
135935
200734
3562
3563
3560
3561
3566
3567
3565
3568
3569
341359
4485
4486
4487
4481
4482
4488
2903
2902
2901
2900
2907
2906
2905
2904
705
2909
2908
701
81848
219743
1263
5319
5318
5313
5311
5310
5316
5315
5314
3214
3215
1632
3150
3156
3155
23168
11083
1982
3159
3212
91039
3213
1260
29841
29842
29843
23554
23556
23557
23551
23553
23558
23089
132112
51535
23081
51531
23085
25861
25864
25865
23331
23334
23336
8575
8576
8570
8573
8578
23309
7409
7408
7405
7404
92211
7401
7403
7402
55366
55367
51397
55363
55361
100287171
641700
402381
6624
6622
6623
6620
6621
84938
2813
84930
2812
84935
50624
65250
23210
4714
2331
2332
2334
2335
2339
4719
201456
10728
3714
3717
3716
3710
3713
3712
200504
3718
79901
79902
653082
4909
4908
2488
4678
4901
2487
4902
4905
4904
4671
167153
57148
128497
63950
63951
57636
57634
57144
57633
57631
387129
7432
5148
5146
5147
5144
5145
5142
5140
120
123
64072
126
128
5428
10699
53820
53829
53828
1186
128674
85415
85416
1184
1185
3373
5423
1181
7247
10347
7249
7248
54440
22836
80351
163702
6820
6827
6829
84456
10721
10544
10541
10540
10542
10549
353376
338917
168391
1902
127933
8817
6676
8813
8812
8811
8818
8170
284485
8749
284339
8747
8745
8744
8743
8742
8741
8740
6491
6490
338879
114327
4249
939
8178
6498
9869
10747
10746
9860
9863
9862
202018
9867
9866
11146
58504
11144
11143
11141
2542
58508
11149
1519
1515
1511
1510
1513
1512
5757
10522
50617
55179
55178
55172
55171
170302
55177
114798
51744
114794
51701
55283
51703
55285
55284
55288
51258
51741
153768
60561
400566
400569
28514
401251
150094
78999
78996
140775
56154
56155
56158
56159
57282
55824
8872
267
266
269
268
6011
6010
6015
149233
6016
6019
6018
387332
10048
9262
9261
221914
5329
10736
983
10734
57468
10044
10733
984
121536
84133
84132
255119
8394
26012
26011
64919
134353
26018
26019
1388
9080
387597
3508
5089
653275
5083
22862
5081
5080
5087
22865
2671
2670
2673
2672
2675
823
2677
2676
2678
84701
2928
2923
2925
5331
5330
5333
5332
5335
5334
5337
5336
5339
5338
285855
79109
83481
83483
23620
6547
285148
91010
91012
3171
3170
3172
3175
3174
87178
726
727
721
83667
83660
728
729
1164
23533
23530
1160
1161
23534
1163
23539
64400
2583
472
25842
25847
2580
3195
3192
474
5253
1361
27198
8553
8550
8557
8554
8555
27190
9380
8559
8000
8001
102724560
27197
9568
7468
7462
7461
3198
7466
7465
50937
55349
55619
55617
55614
55612
55342
55611
84913
84912
131118
84919
10899
1203
221143
10893
10892
26577
26576
10894
50649
50640
167227
4683
2318
2319
2316
81537
2314
2315
81532
2313
5325
3773
3772
3777
3776
3775
3779
3778
4654
4656
4651
4650
4653
56833
56832
4659
57616
57617
57610
57611
57613
442721
57619
63932
51117
51111
51110
1132
7881
51119
406
122618
109
102
103
100
101
107
104
85439
200523
80115
80114
343263
83871
390992
83875
83874
10381
10380
83878
390443
10389
10388
7517
7516
7264
7266
7515
7263
7262
6201
283899
54476
6809
6804
55765
6801
9744
9745
10561
10560
10567
9741
9742
10564
10569
10568
9748
3992
55755
8838
285335
8837
285440
285331
8832
143689
2205
143686
9227
102800311
1759
1758
1756
1755
1750
1285
1284
1287
1286
11168
58526
58524
11166
11167
11160
1288
100129583
8764
1579
8766
689
8760
440944
685
91464
1571
686
91461
680
683
682
114882
30011
8504
55114
5629
55119
55118
5625
30012
5623
5621
5620
8493
8492
339324
8490
8499
338321
338322
338328
50856
23275
23274
28984
5996
28982
5990
5993
5992
10963
5999
5998
28988
51279
51274
51277
57393
128864
128866
128869
6781
6780
6783
6785
6786
6789
6788
56134
56135
2880
55800
286204
240
117532
249
245812
257397
2888
9249
9248
9538
9241
9536
113091
9245
9244
9531
9530
219333
3690
3691
3692
3693
3694
3695
3696
2
26038
26039
154288
26035
26036
26030
26031
202559
133686
22801
22800
22807
22806
22809
22808
138050
116113
2768
10714
10715
10716
10717
10713
2697
2696
2695
90678
10718
204474
2691
2690
54984
54986
54981
112942
54982
84000
256281
83468
8600
83464
83463
89978
26154
84002
390275
10951
140894
29801
29803
83605
23518
1143
1140
1141
1146
1147
1145
23046
23047
23512
23513
23514
100131451
23516
26468
326340
1745
29118
29119
29110
29116
29117
29115
10
766
23098
6400
112744
8538
81622
8029
2263
8530
8531
8021
8534
8535
8536
7441
7443
7442
728492
7448
283297
81627
19
2264
55328
55329
65078
55320
55326
55327
4282
4283
4281
4286
4287
4284
4288
4289
26084
65217
382
383
384
387
388
389
4758
56907
4750
4753
4756
5873
55636
55630
55632
5875
5878
5879
3759
3758
56853
56676
56670
3751
1072
3757
3756
4633
4632
2192
2193
2194
2195
4635
22901
222545
4638
57673
57670
57677
57674
57678
57679
51132
51131
5092
51135
63910
51138
63915
90226
2045
2701
164
165
120892
167
161
162
163
85450
80173
128637
85458
2041
6194
6196
6197
205717
6198
6199
2734
2735
2736
2737
2730
2731
2733
2739
113
57096
9187
9184
9182
10368
9180
9181
10365
30820
83854
83853
83852
9188
83850
81544
163747
7203
7201
7200
7204
6222
6223
6224
675
9414
57505
10509
10637
9760
9761
9766
9767
125061
10501
10500
9768
23198
10507
2639
100423062
8858
8852
8851
800
8856
8854
53354
80821
80824
1775
1774
5276
1776
5270
10411
5272
10146
1778
157724
55667
5802
51496
1551
11108
3038
3034
3035
3036
11101
3030
11107
3032
55662
8701
79738
8707
283417
8704
79733
79730
55515
55845
5605
5604
5607
5606
5601
5600
5603
5602
55843
5609
201626
116379
4690
55137
170692
55135
55512
55130
339302
9324
284194
23250
23254
23705
58985
23259
729359
6424
6425
6426
6427
27019
6421
6422
6423
256933
6428
6429
27012
151987
55793
55790
55796
55799
6768
6760
9975
9973
9971
9970
56114
9978
57799
55869
229
55861
225
224
223
221
220
43847
254394
221955
408187
353238
149111
26058
26059
26052
344892
26051
26056
26057
26054
81706
374462
317719
5049
5048
22826
5045
22824
22823
22821
22820
116173
94107
9515
9514
9517
9516
10777
9513
9512
167410
9519
9518
387733
54210
246213
1524
83447
83440
83442
152185
1520
3207
84530
1622
23175
3205
1620
343035
1995
203228
1994
10196
10197
10194
5184
390259
1996
1128
1129
5189
1120
1121
1123
1124
25886
89958
8516
8517
8514
8515
8512
8048
8518
8519
2526
2260
26074
10150
4117
221322
23064
23066
23067
23060
23062
23063
140469
127833
150353
65057
65055
29968
131405
2865
23390
23396
23397
23394
2869
23399
160857
4776
4774
4775
4772
4773
192134
4771
26287
26281
4779
201164
201163
5818
55301
55650
55651
51339
55654
51335
170487
5813
51330
5816
56652
56654
56301
56302
4619
4618
90865
4610
4613
4615
4617
4616
57659
5063
57650
57657
2705
7424
51151
4882
51156
146
147
2706
142
143
140
141
222698
148
4885
4886
2702
117166
286676
85479
85476
128387
5450
5451
1857
2710
1192
2717
199746
5454
2719
7221
7220
7223
7222
7225
7224
7227
7226
10343
10690
9166
5457
10695
10345
10344
139065
9173
6248
6249
6240
6241
6247
10525
10524
90139
10521
3091
136
9709
9700
9701
9705
9706
8871
8870
54681
8874
8877
8876
8879
8878
84708
134430
825
824
827
826
821
820
84700
822
79628
200879
9573
5250
5251
1717
5255
1719
1718
10855
920
11122
11124
285590
11126
11127
285598
151742
79753
53947
3010
3014
3015
8729
8728
284358
284359
284428
8720
8722
8724
8727
8726
4189
4188
50859
50852
4185
4184
50855
5663
5660
5664
3093
27087
115286
339366
114088
375611
23239
169200
23230
136371
23235
23234
23237
23236
6402
6403
27039
6401
8189
6404
6405
27033
27032
27031
27030
27037
27035
27034
2740
7763
7769
3906
3902
3903
3908
3909
6745
6744
6747
6746
6741
6742
6749
9957
9956
55847
55846
203
202
117283
207
55840
208
117579
22994
836
5578
25769
81490
81493
8887
3658
3659
3654
3655
3656
285343
3651
3652
2524
64975
26073
2521
2520
2523
2529
57221
90459
57224
5066
197407
5062
5069
5068
116150
94121
90637
339967
90639
928
9572
9570
9577
9575
10750
921
922
10753
924
925
926
5393
5396
5395
5394
387755
400550
64208
128178
25792
84516
84515
84519
137814
785
786
9394
780
781
782
783
788
9399
9398
415116
415117
7159
7158
7157
7156
55500
1373
7150
89932
285126
1375
784
284656
401
30001
283358
1376
339778
30008
30009
7485
7484
7486
7481
7480
7483
7482
257629
2899
2898
2895
2894
2897
2896
2891
2890
81502
2892
1106
1456
1457
1103
1452
1101
1459
1108
373509
3835
403313
653499
8898
1894
23474
1896
26511
442338
57404
57407
2137
4693
4920
4794
4795
4790
4791
4792
4793
392862
5837
220074
93166
2130
5830
5831
11254
11255
11252
11251
55679
343990
4698
55670
51312
51311
51317
51316
64781
116369
64783
64784
64787
64788
116362
79983
79987
51177
51176
51172
51170
140679
27202
150483
120237
148479
3005
117144
117145
401409
166647
2778
10320
4899
10322
10327
2770
2771
4891
2773
4897
2775
2776
9498
9499
9148
9149
9491
9140
7976
9146
9495
9496
9145
6262
6263
6261
2641
9724
9725
9722
9723
5732
24137
51074
24139
847
84725
84726
84727
842
841
3460
8897
8894
8893
8892
8891
7155
51296
80864
146894
55247
399687
51293
1739
1738
157769
1730
1733
1735
1734
1736
171389
728597
3070
3071
3073
3074
3075
1593
1592
27445
27443
91404
83985
83983
83982
284403
83988
284654
338692
5649
5648
5641
5646
339345
29071
29072
23216
23213
23211
23746
126374
23218
10973
489
488
487
486
8061
482
481
480
6468
6469
6461
6464
113130
84875
12
3920
3921
3927
3925
3929
6722
6721
6720
6726
8301
15
259307
200931
8309
200933
9938
9931
9937
9935
9934
55531
55530
55534
6098
6091
6093
6092
6095
6094
6097
6096
16
140809
145957
150677
342035
140803
3678
3679
2893
3672
3673
3670
3676
3674
3675
1454
2547
26097
2549
2548
26092
26090
26091
1105
57758
201229
3297
3581
3586
3587
3588
5009
1453
153090
900
905
60436
90381
9559
254359
80298
9555
9554
122042
64223
64221
64220
64225
134864
100124700
83401
79658
254170
23542
80336
81617
124925
84570
84572
390212
23541
390748
26146
26147
8935
8936
256471
8930
8932
26149
8938
79090
7175
7174
7170
7173
7172
7178
719
718
26512
1690
89910
29851
283375
84433
23028
340990
64067
1471
1476
1474
23020
23022
23025
129807
51592
4224
4225
4221
4222
4223
24
25
5584
27
20
21
5580
5581
29
5588
5589
7903
91368
221496
5308
5309
11274
11277
130576
130574
11279
51374
51377
51379
93145
23682
23683
5300
65018
65010
64768
64764
1066
51199
51195
51194
51196
2288
2289
2280
2281
64506
2287
339855
166336
3238
4829
10905
4534
10906
10901
10902
10908
9124
9125
10309
57561
10655
9129
10657
6737
10653
10300
81550
7918
140628
7913
8237
7917
7915
9403
6288
6285
6280
6281
6282
192111
182
183
26137
26136
186
187
9407
189
57626
113246
85569
115948
4327
10018
4326
5833
869
868
56963
861
860
863
862
865
864
867
866
2020
2021
2022
2023
81616
10400
344758
202309
53347
53344
5216
5217
5213
5210
10156
5218
10154
4591
79809
54069
9921
3055
3052
3053
3050
91179
55850
79989
55504
81611
594855
55503
4595
51144
211
161742
57509
1317
1316
729330
1312
1311
1310
23767
23765
23764
23762
23761
23760
441478
6915
6916
6445
6442
6911
6440
6441
27077
27076
219
27072
6448
6449
92154
7728
92482
50814
3948
3949
55081
285237
55084
55735
170506
55737
4807
55733
55732
6709
6708
8328
8325
8324
8326
8321
8320
8323
8322
9910
9913
9915
9917
92737
7535
55558
10014
57533
55553
253782
55885
55884
4057
4056
4055
4054
4053
4052
79803
4059
26301
3611
3612
3613
3614
3615
3619
150696
56288
116448
23090
116447
116444
56287
116443
2569
2568
2561
5775
2563
2562
2566
3845
83593
23544
5029
5028
5021
5020
5023
5025
5024
5027
5026
4440
60412
57480
966
967
53904
961
962
57486
57488
968
969
85358
80279
80274
152926
80270
80271
84081
64241
64240
124540
1241
1536
1535
345079
642
3097
1522
23148
204219
649
10464
10462
10460
10461
3236
10468
3237
3234
641
8912
8913
8910
8911
8916
8914
8915
285704
54904
23140
54901
54900
54903
3239
1612
284076
115362
1961
7113
7112
7111
7110
1610
7114
5192
643
439996
84223
1674
1675
1676
1677
1672
115509
284612
7291
29992
29993
29990
26088
5810
151648
151313
342574
126147
1418
169522
164045
64969
1410
1411
1412
1415
1417
4208
4209
4204
4205
5569
5564
5565
5566
5567
89797
5562
5563
308
309
301
302
306
307
148022
11211
11216
93611
11214
11215
11218
11219
3355
51428
51426
3357
51350
149998
127544
130733
3352
23406
220296
4898
23400
23401
23408
23409
27240
27242
401190
4893
10328
405754
199720
405753
473
2774
139516
340784
149371
7419
1489
6117
64744
10922
64746
10920
10927
153642
64743
10928
7283
10678
7287
57549
57019
10673
10672
9456
10670
9450
9451
9100
9453
401505
9147
81846
81844
26119
477
254528
22941
627
147906
79856
3428
56944
3423
56949
3426
79858
2002
2000
2001
2006
167555
2004
4858
4857
4856
4855
4586
4853
4852
4851
4850
54596
10580
10585
10587
10586
10589
10588
7392
11183
54734
11181
11186
142680
142683
11188
11189
54738
9546
914
1906
916
51232
5956
339122
339123
8767
9541
133418
157855
1081
1080
55851
196528
50632
402415
8761
196527
79665
1339
79660
443
1337
440
79668
445
444
6932
59272
8698
6934
59277
8694
283234
6939
8693
8120
7706
7707
39
7702
7703
7701
33
32
31
30
37
119391
34
1903
114826
845
145501
114822
373156
91801
91807
55711
55716
55714
29974
10036
1901
266743
66037
29970
219409
846
255743
844
344018
22986
4074
4077
22987
100271873
4072
5797
5795
5793
5792
5791
5790
5799
5798
3638
3636
3635
3632
3633
3630
840
60386
81788
57715
57716
55577
55576
51654
51655
51652
51651
55578
56006
56005
439921
613209
359710
948
949
947
944
945
942
85379
940
941
348013
80781
124565
134288
641372
6327
6326
6324
6323
6329
6328
9447
9667
9666
9665
9663
10116
10445
10446
10112
10111
9545
6456
54928
6564
8970
8971
8972
8973
54927
8976
7139
7138
23581
7130
7133
7132
7137
84203
84206
1653
1650
1654
1655
586
587
585
582
583
580
581
2838
2837
2835
2834
2833
2831
2830
1436
1437
1434
1435
1432
3394
3397
1431
3399
3398
160622
5409
5408
23286
79054
5232
284058
4261
23461
22992
10725
160728
79586
5549
79581
79582
79583
5540
79589
254887
30061
30062
1880
2121
5890
5892
5894
5896
5897
11230
5899
11232
11234
11235
55388
343930
256764
51400
55384
4916
25914
8447
25912
25913
25911
4914
4913
286187
23429
23424
23426
322
323
9896
9897
326
9891
9892
325
328
329
9898
9899
56259
55964
55966
84844
166379
166378
1594
57620
10948
120071
1591
10942
10945
10947
9478
9479
9472
9473
57520
57521
152573
57524
9475
2658
81554
64098
2248
2249
2244
124976
26173
64093
64094
2651
2242
2243
5178
57449
63826
63827
3400
147929
22926
22924
22925
55742
64065
55743
79879
132
56920
79876
4879
4878
10611
10610
2798
10612
10615
10614
10617
10616
2060
90204
2063
2064
2065
2066
2067
79774
134
55252
221937
60626
60625
121512
9780
113201
9783
9784
9786
9787
9788
54714
57017
27429
10114
168620
7096
644139
7094
7092
137392
7090
7091
7098
7099
79643
1359
1358
79647
8100
79644
467
79648
1357
460
1355
462
6489
6482
6483
6480
6954
6484
123169
57010
219793
114803
114804
114805
64858
283078
84807
133396
3184
3187
266727
118856
4012
642658
4017
4016
4015
4014
51092
55775
51095
55777
51098
51099
3987
3980
79969
3982
3983
93426
1446
60488
57732
57731
288
27161
27163
285
284
55593
286
84337
1116
84335
22849
124602
22848
23030
2475
22846
134510
64284
124583
64283
7874
57192
57190
7871
57198
7879
340596
125981
6309
6305
6304
196883
6303
10135
10137
10131
10133
10139
9319
9318
53632
10423
9647
9646
9313
10427
9311
10425
54941
54943
342184
2206
54946
2209
255061
123803
708
1630
51762
3216
3217
1634
3211
1636
1981
1638
1639
3218
3219
203286
346562
84260
706
2815
2814
2817
2811
2810
29958
29959
29956
29954
563
2819
29950
567
54361
54360
79075
5429
79071
1188
79073
5425
5424
3375
5426
1182
5420
3371
5422
199990
4248
171558
4247
4245
4242
4240
5521
5523
5524
5527
5528
91653
91304
48
49
79258
47
43
40
41
57057
132001
51465
23199
51466
23626
23627
23624
23191
23192
23621
59335
6546
59336
6543
6542
6541
6540
59339
59338
6549
6548
25939
25937
25930
25932
100132074
27284
27285
23440
23446
155382
344
345
346
347
341
7511
343
348
7518
51284
165918
51286
51280
51289
7286
22999
55908
55909
6157
6159
55901
55904
255809
84867
84864
84868
729238
152559
4524
378938
6725
4520
8759
4784
26153
6584
2268
2262
81623
81620
2261
81626
2267
81624
6588
7994
51306
22908
56903
56902
5825
22902
22904
22905
22906
22907
2046
2047
4811
4810
4817
5827
4815
4814
79813
79810
5826
134187
2048
94025
57053
9412
57504
9415
57506
57508
9419
10634
10632
10631
10630
9340
54888
54558
54884
11267
54880
54881
54550
54551
9344
11081
53942
148523
90060
85509
84676
54778
84675
346171
84678
10161
9242
10093
10096
10095
10094
10099
83902
92714
64321
644150
7078
7079
7074
7075
7076
7077
7070
7071
7072
7073
83643
4118
54978
8161
6975
8165
79621
83641
79625
79626
64773
9467
84072
50700
118471
8382
1819
1371
28969
405
403
1374
23299
730249
1379
23295
23294
23293
409
408
494513
261734
51163
4035
4036
4038
55759
51079
55024
55027
55754
51072
55023
155038
94235
94234
94233
23082
285987
27141
642636
27146
27148
51616
339983
64115
64114
64116
140885
80212
152940
7351
9469
7852
7850
7857
7855
5494
6369
1501
6363
6361
6367
653
10152
9334
10402
9331
53615
53616
10155
10409
9628
9622
9620
3087
9625
3228
3081
54964
285231
54961
149041
3225
92370
3224
84062
84061
23157
84064
26960
3226
1605
83590
388931
83595
1607
3232
3233
3231
5199
5198
1618
3235
1616
5194
58190
58191
1960
1613
1962
1611
2873
2872
2870
2876
2875
2874
4986
2879
2878
317649
28513
3356
3351
3350
54345
54344
285498
342510
3359
3358
5449
5443
5447
5446
5445
5444
3182
115650
89777
399814
5506
5507
114609
5502
132243
5500
5501
129080
83737
540
546
547
545
23604
23607
23600
23601
23608
23609
51449
51447
728464
51440
5476
6569
6565
343641
6567
6561
10217
6563
129880
25953
25950
3827
57575
23462
23463
285489
3821
23467
23468
92747
8444
8446
10331
8440
8443
8448
9152
338557
7538
368
369
366
7534
364
7536
7531
363
360
7532
55920
55922
5008
55924
55929
55259
4985
5133
150280
64854
64856
10988
10984
84803
10981
10980
10983
151887
5132
151888
51393
55362
2200
2201
2202
9480
124936
81606
2207
2208
81609
7905
147650
200162
79831
79836
4839
4838
4831
4830
4833
90249
4835
4522
4521
4836
57038
9439
9437
9435
122706
5296
5297
5294
5295
5292
5293
5290
5291
64326
64327
64324
222166
64320
153222
246330
28960
163183
8140
80005
340419
6996
6997
255631
132625
7337
9293
9290
7334
7332
9294
168667
53405
53407
10216
10211
10219
7058
7059
7052
7053
7050
7051
7056
7057
7054
54751
54756
54757
6999
8639
8638
8637
284207
8635
8634
8633
6991
8631
146923
9133
137682
2998
59
58
2990
54
2992
2993
51
53
52
55
9020
375307
9023
9990
9993
2997
2160
9994
9997
537
11034
11035
429
79603
79602
1399
1398
421
1395
1394
1393
1392
427
29904
28962
51057
51052
51053
51588
55008
55003
55000
55004
22976
51633
51637
27121
27120
27123
27122
27125
27127
2330
64132
64131
64130
64137
60495
64135
124637
80765
80762
6699
56203
6693
6692
6691
6690
6697
6696
6695
201973
93978
441151
93973
93974
7837
6340
6343
9992
6345
6344
6347
6346
138151
9353
57332
9603
9350
57337
9356
9355
11037
9609
113189
57338
10174
10175
3782
1806
1805
1804
1803
1802
1801
3785
8993
3788
8991
8996
8997
1809
1808
4990
4998
6513
113451
1948
1949
162514
1942
3251
1946
1947
1944
3257
79600
2857
2856
1490
1397
219699
1493
5465
1495
5467
1497
5469
5468
3339
4135
79039
79035
79036
90956
79609
1969
1390
115677
375790
254863
286133
147409
3077
4826
339221
222962
256643
525
526
527
83719
29914
83715
83716
528
100532731
1234
1235
1236
1237
1230
1232
1233
1238
8288
8289
25970
6508
25974
25975
25976
65993
6503
6502
6001
6507
6506
6505
6504
1965
144165
4900
23484
3800
23481
8462
8463
8460
4907
8464
8468
92344
50515
7555
50511
55274
55275
55276
55273
84824
84823
57142
4174
4175
4176
4170
4171
4172
4173
4179
995
9271
348932
149499
119559
991
7390
993
159195
26191
10058
2222
2220
5924
5925
5926
5927
5921
5923
221409
201501
999
7398
51582
4507
646457
4509
90268
50506
2081
221400
100506742
152518
124404
60681
10193
392465
146059
146057
146722
135892
494188
80025
51085
203100
53826
84632
84636
9132
83943
252969
9002
7319
7318
7314
7316
54510
54514
7030
7031
7032
7033
7035
7036
7037
7038
7039
10239
9019
112464
115111
7786
7784
7782
7783
7781
126006
652991
79192
79191
79190
1006
1004
1003
1002
1001
1000
9134
4345
4342
4340
11019
11016
11017
11010
8615
8614
8611
8613
8612
8618
91978
11331
11335
11334
11337
55069
55068
5713
5710
120376
4099
23345
23347
23341
23349
27102
27101
929
27109
100526772
55681
80704
392255
3579
80709
1478
3578
374986
22856
10825
3574
3301
3577
339768
57680
57687
7813
57689
7818
5095
23204
3572
121355
23205
23207
9588
223117
26276
26277
26272
23209
26278
26279
9379
9378
85480
9371
126306
113612
9374
9376
79977
79971
1828
1825
1827
1826
1820
56888
1822
2147
2146
2145
192670
2140
4974
4975
4976
2149
4973
3276
3274
3275
3273
58158
58157
58155
84283
58484
58480
5587
58488
26
5585
5582
3313
619279
3316
22
146556
148713
83886
83552
83881
83550
60
222236
641842
137964
506
29933
29934
29937
23648
23649
632
89849
634
635
636
1215
23640
23137
23135
23644
23645
23646
89845
6521
6520
6523
6522
6525
6524
59350
6529
8266
7756
25998
25999
25996
338773
91947
79415
91942
3861
51094
55471
8408
8404
7832
8406
54620
7572
9815
9817
54625
55212
55211
55214
55215
5458
4152
4151
4157
4154
4155
4158
4159
342918
284486
5902
5900
5906
51773
5905
5908
51778
93010
283455
130872
3481
3480
3483
3482
3485
3484
3487
3486
646479
4566
8216
254263
140706
9600
1401
81930
57336
9607
10783
10782
10781
10787
10038
10788
80004
7379
7378
378884
7373
7376
7375
7374
54538
54829
255189
54822
54536
5452
125336
9033
9031
9037
7018
7019
7014
9039
10254
7010
7011
54795
54796
54797
54790
54799
122876
84343
84619
753
29895
29893
3783
29780
29899
115426
8999
2959
2954
3786
2956
2957
2950
2952
1025
5345
5346
5347
1021
1020
9156
1022
1800
5348
1028
79174
158866
79172
4361
4360
4363
8994
8995
11078
11079
3108
11073
11070
11076
11077
136991
8673
8672
8671
8676
8675
8678
4093
4092
4091
4090
4097
4094
50945
50944
3326
50940
50943
23586
5737
23583
23582
5733
118429
11317
197358
11315
11314
5739
5738
23588
51548
51010
51547
51542
51540
55040
25836
25831
63893
25833
143282
23365
23369
23368
25758
283383
8091
8099
5238
139411
128977
80725
340665
6659
6658
6657
6656
6655
6654
6653
6652
259236
154796
92002
10809
10804
10806
56243
10800
10801
10802
10803
57113
57111
83933
57117
2125
57115
6385
6387
6383
6382
6389
26258
26259
124857
26254
64175
26257
26253
80184
9289
1849
1848
79957
79956
79955
1843
79959
79958
1846
1845
1844
4958
2169
2168
1943
2165
4953
2167
4951
4956
4957
167691
2162
54496
3298
3299
1908
5138
3294
1907
5134
3290
3291
3292
5130
222662
222663
57097
57379
285381
54676
112817
54674
147372
84329
347475
8566
143872
133060
148738
9894
132884
2044
112724
6891
6890
6892
6895
6899
2571
57805
56341
83756
56616
83759
8569
388551
388552
1278
79784
2852
54675
2042
1270
613
1272
611
617
1277
8799
115098
8243
8792
8241
8796
54329
2043
5460
10204
148867
10205
10202
9890
10203
55188
8425
1496
389827
55183
10201
55187
1499
57563
9839
57560
9833
221476
221477
7593
9837
23114
23111
89866
23113
23118
23119
10656
131578
390916
55170
4130
4131
4133
4134
64184
4137
5696
5697
29085
3849
3848
5698
5699
342977
151246
56180
22795
22794
22797
22796
145264
124997
51388
5968
51752
51750
51208
55236
51205
55239
5962
51206
51201
5965
51203
53917
79890
56987
79898
56983
56980
90952
4548
64699
22930
55603
4541
4543
4542
4544
4547
5371
57589
128506
130026
114799
57580
57582
57583
57585
27316
27315
27319
153241
64343
64432
2591
2592
64431
2049
146760
659
653689
6046
6047
6045
6048
283537
85348
2622
2623
2621
2626
2627
2624
2625
2628
2629
22934
9582
7350
10019
7352
9586
9584
9585
10013
51704
10011
10010
10017
10016
9232
286887
54805
54806
54808
84181
8204
84189
10277
10276
10274
10273
146183
10270
84926
10279
10278
152110
23283
317781
9050
9051
9052
9053
9055
9056
342371
23284
22899
22893
22890
22891
22897
22894
22895
775
774
777
776
771
773
779
778
2978
2979
71
70
2975
5362
1041
5361
5366
1046
1045
5365
5368
79158
79152
79155
4303
4302
4301
4300
4306
4308
11055
11056
11057
11059
3127
8658
120114
8651
8650
284266
8655
221395
50964
5753
51567
132141
5756
5754
23567
23566
23562
25816
25814
25819
9315
3441
51692
23308
118788
136242
23300
23303
23302
23304
1508
7434
7436
7430
7431
81555
7433
2752
7439
5195
6671
6670
340543
6678
9312
84962
84961
50615
10868
10869
10861
50619
50618
10865
63967
5197
26232
26234
5191
1861
3728
1869
3725
3727
3720
219285
123263
162427
4684
4685
4682
4935
4681
4938
79930
4689
25978
57172
25979
2103
57178
2101
2100
2104
5116
5111
5110
135228
54475
54477
83696
5118
54472
254013
95681
10480
10481
10483
10484
10486
890
891
892
894
896
898
899
54617
122402
262
282991
282996
80306
1788
1789
100505767
1781
1785
1786
1787
6879
6878
6876
6875
6874
6870
57823
57822
57820
23460
163486
30827
8224
729920
676
677
670
672
673
171023
6017
171024
1473
8467
10808
4641
2495
2779
4647
9851
9852
257177
9855
9858
57447
133957
23172
1525
23176
1521
23174
1523
9177
23178
1258
63924
84883
643226
84886
84888
4116
204962
63928
23466
93210
92906
57462
56165
3059
56163
114034
9260
5947
5948
5949
27086
51738
127435
27085
65108
51735
51734
56704
987
10046
25794
25791
377007
25793
340146
27339
27330
64419
344807
10758
64411
148581
23043
2648
2649
10075
10077
10076
90355
2642
2645
2646
2647
9219
259230
9212
9213
9210
9211
9217
9214
9215
54862
54861
54866
54869
3798
219348
55740
84168
84166
84164
84162
9076
9074
9075
10298
9070
10295
10297
10296
10291
10290
10293
9079
259232
3557
3556
3554
3553
3552
3551
255324
387893
147744
3559
3558
2911
2912
2913
2914
2915
2916
2917
2918
715
29850
712
710
285888
64837
1069
29989
79132
79135
64834
79139
1060
1062
5304
5305
5306
5307
4321
4320
4323
4322
4325
4324
388324
388325
3140
3142
3145
3146
3148
3149
79689
91754
79682
83657
10752
83658
2494
5778
51501
5771
5770
23093
23092
23095
23094
5777
390003
25871
25876
23327
23326
23324
23322
23321
219902
10755
1633
7412
7410
7411
7416
7414
7415
92597
286753
6613
3105
6611
6610
374291
6616
6615
6614
284340
10840
10846
84944
7275
84940
84941
84687
391123
22861
63948
140689
63943
140685
63940
63946
23002
84681
2346
2342
23768
2348
64092
1350
2674
79915
3709
79912
1889
3702
3700
3706
3707
3704
79918
7001
2120
2122
4668
4669
4919
4664
4665
4666
4915
4661
96764
57628
57159
57158
57157
6910
57154
57152
57623
57150
5173
5172
5170
5176
5175
5174
5179
6913
54457
54456
54454
133
81894
131
64061
81890
135
81892
116085
1777
27071
9681
79893
9687
246184
64097
7399
23005
7251
7252
7253
5599
57864
5598
80324
80326
80320
10553
6855
6854
6857
6856
6850
6853
84445
84444
84447
84446
89
10987
81
86
8805
8807
8800
8803
8808
8809
6583
6582
6581
6580
6586
30844
30845
8754
8756
30849
8202
8751
8200
114902
114907
4504
114908
2841
55083
129685
339403
257194
9871
11155
11156
11151
11158
656
657
654
655
652
22954
650
651
23150
3084
23152
1509
23154
23155
658
3082
339829
3945
399967
399968
3880
3883
91252
55143
100420505
56147
84261
55506
145226
51715
161357
51244
51247
51246
118611
6707
65125
81689
150221
150223
26263
64651
340168
78986
401262
140767
219988
150084
64478
153572
345193
6007
6004
6005
6002
6003
6000
200186
1297
6009
22853
9367
10636
56729
57456
994
997
7391
57453
10059
57451
90332
10724
10053
10052
10723
221908
117531
54848
84140
645323
54840
54843
84148
54845
54847
26005
26002
64388
9099
5885
9094
9095
9096
9097
9093
84324
341346
22858
22859
3575
5091
157506
22852
3570
5096
8988
2664
2665
2662
2660
2661
60682
2668
2669
56895
56894
2936
2937
2934
2932
56897
2931
5326
5327
5324
1831
5322
5321
1836
219770
219771
5328
56890
246243
123904
129446
2266
3797
11094
11096
3796
11093
56899
2161
3169
3166
3167
3164
3162
3163
3161
85019
29785
732
10658
29781
10775
738
23523
23522
2152
375056
23529
23528
126626
51520
51522
51523
51527
25855
25851
168507
4050
25858
388650
8567
343450
8565
8564
8563
8562
27189
8560
27185
27183
27181
27180
375033
123016
7478
282679
7471
7472
7473
7474
7475
7476
7477
55353
55352
55357
51389
25841
51384
55604
55607
51380
51382
6638
389015
58515
84634
58512
6635
26580
26585
84923
58511
576
64170
10848
11178
2323
2322
2321
4703
4702
2324
2009
3760
200539
3762
3763
3764
3765
3766
3767
3769
4648
1291
4643
4640
2492
4646
162466
4644
4645
57609
63922
63925
128486
57602
57600
57605
5159
5158
440435
5151
5150
5153
5152
5155
5154
5156
115
114
117
116
111
54407
4536
112
119
118
146330
53832
53833
53834
53836
90780
85409
85406
85407
80125
85403
84292
352909
7273
392617
7276
7274
27199
54431
90417
54433
54432
54437
2560
80342
441282
80344
6833
6832
6830
6837
6834
6839
10554
10555
57863
129049
10550
10551
90410
10558
10559
388531
8822
8823
8820
116841
8826
8824
8825
54386
8828
8829
56605
10910
8772
8773
283446
8776
8777
8775
54467
146802
10233
1482
10231
84466
84465
84464
1749
255488
5498
1746
1747
1740
1741
1742
51530
7290
10235
640
57552
7292
54332
3304
57556
11173
11172
11171
1488
11177
11174
11179
7297
1298
1292
1293
1290
5493
1296
10312
1294
1295
10645
10314
57003
10641
160418
5639
5634
5636
5630
5631
8480
8481
8482
8484
8487
